0
0
2
3
3
5
5
6
6
9
9
9
10
11
11
11
12
14
14
15
16
16
17
17
18
18
19
21
23
23
25
26
27
32
34
34
35
35
35
36
37
37
39
39
40
40
40
41
41
42
43
44
45
45
45
46
47
47
47
48
49
55
55
55
56
58
58
59
60
60
61
61
62
62
63
65
66
67
68
68
68
69
70
75
75
77
77
77
77
79
79
79
80
81
81
86
88
88
88
89
90
90
91
91
94
94
94
96
96
97
98
98
99
100
101
101
102
105
106
106
107
107
108
109
110
111
111
111
111
111
112
112
113
113
115
116
117
117
117
118
118
120
121
123
124
124
124
124
129
130
131
131
132
134
135
136
138
139
140
142
143
143
143
146
147
147
149
151
154
154
156
156
157
158
158
159
160
160
161
162
163
163
164
168
168
168
169
171
171
174
175
177
178
178
180
180
182
182
182
183
184
185
186
186
186
187
188
192
192
194
195
196
197
197
197
199
199
201
201
201
202
203
205
207
207
207
209
211
212
212
213
213
214
214
215
216
216
217
221
222
222
223
224
224
225
227
228
230
232
232
232
234
235
235
236
237
237
238
238
238
239
239
239
239
239
240
241
241
246
248
249
249
249
250
251
251
252
257
257
260
261
261
263
263
263
263
264
266
266
266
268
268
269
270
272
273
274
274
275
276
277
278
280
280
281
281
281
283
284
285
286
286
287
287
288
288
290
290
290
291
295
295
295
296
298
298
302
302
305
306
307
307
309
310
313
314
314
316
316
317
318
318
318
319
321
323
324
325
325
325
326
326
326
328
330
330
332
335
335
339
339
339
339
340
340
341
342
343
344
344
346
347
348
348
348
349
354
354
355
356
357
358
358
359
360
363
364
364
367
368
368
369
370
372
374
374
374
376
377
379
380
381
382
382
382
383
383
384
385
385
385
386
388
388
388
390
390
393
396
396
403
403
406
407
408
408
408
409
410
411
413
414
414
415
417
417
417
418
420
420
420
420
421
422
424
425
426
426
426
429
430
430
430
431
433
434
435
435
436
436
436
439
439
443
444
445
445
446
446
447
448
449
451
451
454
455
456
456
457
457
458
459
459
459
460
460
460
461
462
462
462
463
464
465
465
467
467
468
469
469
471
472
473
473
474
474
476
478
479
480
481
483
486
489
490
491
493
494
494
495
495
496
496
497
497
497
498
498
499
501
501
508
510
511
512
513
514
514
515
515
518
518
520
524
524
524
525
527
527
527
527
528
529
530
531
532
534
536
538
538
538
540
541
542
543
543
543
544
545
546
548
549
550
552
555
556
556
556
562
565
566
566
567
572
573
574
574
576
578
578
579
581
581
582
583
583
583
585
590
590
590
591
591
596
596
597
598
601
601
602
602
603
604
605
605
606
606
607
607
607
608
610
610
611
612
612
613
614
615
615
615
617
617
620
620
620
623
624
624
624
627
627
627
631
631
632
632
633
634
636
637
637
637
638
638
638
639
639
643
648
648
648
648
649
650
651
653
654
654
655
655
656
657
657
657
658
658
658
663
663
664
664
665
666
667
668
668
668
668
669
669
671
671
676
677
677
678
678
679
682
683
683
686
686
688
688
689
692
692
692
693
693
696
698
698
698
699
700
703
704
704
704
706
706
707
708
708
709
710
712
713
713
714
714
715
716
717
717
718
718
719
720
721
722
722
724
725
726
728
729
730
730
730
731
731
732
734
734
734
734
735
738
738
741
744
746
746
746
747
747
748
748
749
750
752
754
755
755
756
756
760
760
761
761
763
765
767
768
771
771
773
773
774
774
775
775
777
780
780
781
781
783
783
784
787
788
790
790
793
794
794
799
799
805
810
810
810
812
814
814
815
816
817
817
818
819
819
820
820
821
824
824
825
827
827
828
828
831
832
833
834
834
837
837
838
838
839
840
840
841
842
843
845
846
846
847
848
848
849
849
850
853
853
853
854
854
855
855
856
857
859
860
862
863
863
864
864
864
866
867
869
869
870
873
873
874
876
876
877
879
879
885
886
887
887
887
888
891
891
894
894
895
895
895
895
899
899
900
900
901
901
901
901
903
904
905
905
907
908
909
909
911
912
912
914
915
915
916
919
919
920
920
921
923
924
927
928
928
929
930
930
930
932
934
940
942
942
942
943
945
945
945
945
946
946
947
948
948
948
951
952
954
955
957
957
957
958
958
958
959
960
962
965
967
969
969
970
971
972
974
974
975
977
977
978
982
983
983
984
984
984
986
986
988
988
989
990
990
991
992
992
993
994
998
998
999
1000
1000
1003
1003
1003
1004
1007
1007
1010
1010
1010
1011
1011
1012
1012
1015
1016
1017
1018
1019
1021
1023
1024
1025
1026
1027
1028
1030
1031
1032
1033
1034
1034
1034
1035
1036
1037
1037
1037
1038
1039
1039
1039
1039
1040
1042
1042
1043
1044
1048
1049
1051
1052
1054
1054
1056
1057
1057
1058
1058
1059
1060
1060
1064
1065
1066
1068
1070
1071
1073
1076
1078
1078
1079
1080
1082
1082
1084
1084
1084
1086
1086
1086
1088
1088
1088
1088
1089
1090
1090
1092
1092
1095
1095
1095
1095
1096
1097
1097
1097
1099
1101
1102
1102
1107
1107
1108
1109
1109
1110
1110
1110
1110
1110
1111
1111
1112
1116
1116
1118
1121
1121
1121
1124
1126
1127
1128
1128
1129
1129
1129
1132
1132
1133
1134
1135
1137
1138
1138
1140
1140
1140
1140
1141
1142
1144
1146
1146
1146
1146
1151
1151
1152
1153
1154
1155
1158
1160
1160
1162
1162
1162
1164
1164
1165
1165
1167
1167
1168
1169
1169
1169
1170
1170
1170
1172
1172
1172
1174
1175
1175
1176
1178
1178
1180
1180
1180
1181
1184
1185
1189
1189
1189
1194
1196
1196
1197
1197
1197
1201
1203
1203
1204
1205
1207
1208
1209
1212
1212
1213
1215
1216
1216
1217
1217
1217
1220
1221
1222
1223
1223
1225
1226
1226
1228
1228
1229
1230
1231
1231
1234
1234
1237
1239
1239
1240
1242
1242
1243
1244
1245
1246
1247
1248
1248
1249
1250
1250
1251
1251
1252
1254
1254
1256
1256
1256
1257
1257
1258
1261
1263
1264
1265
1265
1265
1265
1268
1270
1271
1273
1274
1277
1279
1280
1280
1280
1282
1282
1286
1287
1287
1290
1290
1291
1296
1297
1298
1299
1300
1302
1303
1303
1304
1304
1304
1305
1306
1307
1307
1308
1309
1309
1310
1311
1311
1311
1313
1313
1314
1316
1316
1318
1318
1320
1321
1322
1323
1323
1324
1324
1325
1325
1328
1328
1329
1331
1331
1332
1333
1335
1336
1337
1337
1341
1341
1343
1344
1344
1348
1349
1350
1350
1351
1353
1355
1359
1359
1360
1360
1362
1365
1365
1368
1369
1370
1371
1372
1373
1373
1374
1375
1376
1376
1378
1380
1380
1380
1380
1381
1381
1381
1382
1384
1384
1385
1386
1387
1388
1388
1391
1391
1392
1392
1394
1396
1399
1400
1401
1401
1401
1402
1405
1407
1407
1408
1408
1409
1410
1410
1413
1414
1418
1418
1418
1420
1421
1422
1424
1425
1426
1426
1426
1427
1428
1429
1431
1432
1432
1434
1434
1434
1436
1437
1438
1438
1438
1438
1441
1441
1442
1443
1444
1444
1446
1448
1450
1451
1452
1452
1453
1454
1455
1456
1457
1457
1457
1458
1458
1458
1458
1459
1460
1461
1465
1470
1470
1471
1471
1473
1474
1475
1477
1478
1480
1482
1483
1484
1484
1485
1487
1489
1489
1490
1492
1495
1496
1497
1499
1503
1505
1506
1506
1508
1508
1509
1509
1510
1510
1510
1510
1511
1512
1513
1514
1514
1514
1515
1516
1517
1517
1517
1521
1523
1523
1526
1526
1528
1528
1528
1529
1530
1531
1533
1534
1535
1535
1535
1538
1538
1539
1540
1541
1542
1544
1544
1547
1548
1548
1548
1549
1549
1549
1549
1551
1553
1554
1555
1556
1557
1559
1559
1564
1565
1565
1567
1568
1568
1569
1569
1570
1574
1575
1575
1575
1577
1579
1579
1579
1579
1579
1580
1581
1581
1581
1581
1583
1584
1585
1586
1587
1588
1588
1588
1588
1589
1590
1592
1592
1598
1598
1599
1599
1599
1601
1602
1604
1604
1605
1607
1608
1608
1610
1612
1614
1616
1617
1620
1621
1621
1622
1623
1625
1625
1626
1628
1629
1630
1630
1632
1633
1635
1636
1637
1640
1640
1640
1641
1642
1642
1643
1644
1644
1644
1646
1646
1646
1647
1648
1648
1652
1652
1654
1654
1655
1655
1657
1658
1658
1658
1658
1660
1662
1662
1663
1664
1664
1664
1665
1665
1666
1666
1668
1672
1672
1674
1675
1675
1676
1676
1677
1678
1680
1680
1681
1683
1683
1684
1685
1685
1686
1687
1687
1688
1689
1690
1691
1691
1691
1693
1693
1694
1695
1696
1696
1697
1697
1699
1699
1699
1700
1701
1701
1702
1702
1703
1704
1705
1706
1707
1707
1709
1711
1712
1713
1713
1714
1715
1717
1719
1719
1719
1719
1721
1723
1724
1725
1725
1726
1727
1728
1729
1732
1732
1734
1737
1738
1738
1739
1739
1740
1742
1743
1744
1746
1748
1748
1749
1751
1752
1753
1753
1755
1755
1756
1758
1759
1760
1762
1763
1764
1765
1765
1768
1768
1769
1770
1771
1773
1773
1776
1778
1779
1780
1781
1781
1781
1783
1783
1783
1783
1783
1783
1784
1785
1785
1785
1785
1786
1786
1786
1787
1787
1788
1789
1790
1792
1796
1798
1799
1802
1802
1804
1805
1805
1806
1806
1807
1811
1811
1811
1811
1812
1813
1814
1815
1815
1815
1817
1817
1818
1818
1818
1819
1819
1820
1821
1822
1823
1824
1824
1824
1826
1826
1827
1827
1827
1827
1830
1832
1835
1835
1835
1837
1839
1840
1840
1840
1841
1841
1841
1841
1842
1843
1843
1844
1844
1844
1845
1845
1845
1847
1847
1848
1850
1851
1853
1853
1854
1856
1856
1858
1859
1860
1860
1863
1864
1865
1868
1871
1873
1873
1874
1876
1878
1878
1880
1881
1881
1882
1883
1883
1886
1886
1888
1888
1891
1891
1892
1892
1893
1894
1894
1895
1895
1901
1901
1903
1904
1905
1905
1906
1907
1909
1909
1911
1911
1911
1912
1913
1913
1914
1914
1916
1917
1917
1918
1919
1920
1920
1920
1921
1921
1923
1924
1924
1926
1927
1927
1931
1932
1933
1933
1934
1936
1936
1938
1938
1940
1940
1941
1941
1942
1943
1943
1946
1947
1948
1949
1950
1950
1953
1954
1955
1958
1962
1962
1962
1964
1965
1965
1967
1968
1971
1971
1971
1972
1972
1972
1973
1974
1974
1976
1977
1978
1979
1979
1981
1982
1982
1982
1982
1983
1984
1984
1985
1987
1988
1993
1994
1994
1996
1996
1996
1998
1998
1999
1999
1999
2000
2000
2000
2001
2001
2003
2003
2003
2004
2005
2007
2008
2011
2014
2016
2021
2022
2022
2023
2023
2027
2027
2028
2029
2029
2031
2034
2034
2037
2039
2039
2039
2039
2040
2040
2041
2045
2045
2046
2047
2048
2048
2049
2049
2049
2051
2056
2056
2057
2060
2060
2060
2061
2062
2062
2062
2063
2066
2066
2068
2069
2070
2070
2071
2073
2073
2073
2074
2074
2075
2077
2078
2080
2082
2083
2085
2085
2086
2086
2086
2089
2090
2090
2093
2093
2094
2095
2095
2097
2098
2099
2100
2100
2100
2102
2104
2104
2105
2107
2107
2108
2109
2111
2111
2112
2112
2114
2116
2119
2120
2120
2122
2122
2123
2124
2124
2125
2126
2126
2127
2127
2129
2129
2130
2130
2131
2132
2134
2135
2135
2135
2136
2136
2136
2136
2139
2140
2140
2142
2143
2144
2144
2144
2146
2146
2147
2149
2150
2150
2153
2153
2155
2155
2157
2157
2157
2158
2158
2158
2159
2160
2160
2162
2162
2162
2163
2165
2166
2168
2169
2170
2170
2172
2172
2174
2174
2175
2176
2177
2177
2177
2180
2181
2182
2183
2183
2183
2183
2184
2185
2186
2186
2188
2191
2193
2193
2193
2196
2196
2197
2199
2200
2201
2201
2202
2204
2204
2206
2206
2209
2210
2210
2210
2212
2213
2214
2214
2218
2219
2219
2220
2221
2224
2225
2226
2226
2227
2229
2230
2230
2231
2232
2232
2234
2236
2240
2243
2243
2244
2245
2247
2247
2248
2248
2249
2249
2250
2250
2252
2253
2253
2254
2254
2254
2254
2255
2257
2258
2258
2259
2261
2262
2262
2262
2263
2263
2264
2266
2267
2267
2267
2267
2268
2269
2270
2270
2270
2271
2274
2275
2277
2278
2279
2279
2280
2280
2283
2283
2283
2284
2288
2288
2291
2292
2293
2293
2293
2296
2297
2299
2302
2302
2303
2303
2304
2305
2305
2307
2307
2308
2309
2309
2309
2311
2311
2311
2311
2313
2313
2313
2315
2315
2316
2316
2317
2317
2318
2319
2320
2320
2322
2322
2323
2327
2327
2330
2331
2332
2333
2333
2334
2334
2335
2336
2336
2337
2338
2339
2339
2340
2341
2341
2342
2342
2343
2343
2344
2345
2347
2347
2348
2349
2350
2352
2353
2354
2355
2356
2357
2358
2359
2360
2360
2362
2363
2364
2365
2365
2366
2367
2368
2368
2368
2369
2371
2371
2371
2373
2373
2374
2376
2376
2377
2377
2378
2379
2380
2382
2383
2388
2388
2389
2389
2389
2390
2391
2391
2392
2393
2395
2396
2397
2397
2398
2399
2399
2400
2400
2400
2400
2401
2402
2402
2402
2402
2405
2405
2406
2407
2408
2410
2411
2411
2412
2412
2415
2417
2421
2423
2425
2426
2428
2428
2428
2428
2429
2431
2431
2431
2431
2433
2435
2436
2436
2438
2441
2441
2445
2447
2451
2451
2452
2453
2454
2454
2454
2455
2456
2457
2457
2457
2458
2458
2459
2460
2460
2460
2463
2463
2463
2464
2464
2465
2465
2470
2472
2472
2472
2473
2475
2476
2478
2479
2480
2480
2481
2483
2484
2485
2488
2488
2493
2495
2496
2497
2502
2504
2504
2505
2506
2507
2508
2509
2509
2509
2510
2511
2512
2513
2515
2515
2516
2517
2520
2520
2521
2522
2522
2524
2526
2528
2530
2530
2532
2532
2534
2535
2537
2542
2544
2546
2546
2547
2547
2547
2547
2551
2552
2555
2555
2556
2557
2559
2560
2561
2563
2564
2564
2565
2566
2566
2567
2571
2575
2575
2576
2576
2579
2579
2579
2580
2581
2582
2583
2586
2593
2594
2596
2598
2600
2602
2603
2604
2606
2607
2609
2610
2611
2613
2614
2614
2615
2615
2616
2616
2617
2619
2620
2622
2624
2624
2624
2626
2626
2626
2626
2627
2628
2628
2629
2630
2630
2630
2631
2631
2631
2632
2633
2634
2635
2635
2637
2637
2637
2637
2638
2638
2639
2640
2640
2641
2641
2642
2645
2646
2647
2648
2649
2650
2650
2651
2652
2653
2653
2654
2654
2656
2657
2657
2657
2658
2658
2659
2660
2663
2664
2665
2666
2666
2666
2669
2669
2670
2670
2670
2670
2671
2671
2672
2673
2674
2675
2675
2676
2679
2679
2680
2680
2681
2682
2684
2685
2685
2685
2687
2688
2689
2690
2690
2691
2691
2693
2695
2696
2697
2697
2698
2698
2699
2703
2704
2705
2705
2707
2707
2708
2709
2711
2712
2712
2713
2713
2719
2722
2722
2722
2723
2724
2724
2727
2728
2730
2730
2730
2731
2731
2731
2732
2735
2736
2736
2737
2737
2738
2740
2741
2742
2746
2746
2747
2747
2747
2747
2747
2748
2748
2748
2748
2750
2751
2753
2756
2756
2757
2758
2759
2759
2759
2759
2761
2761
2762
2762
2762
2766
2768
2768
2771
2772
2774
2776
2776
2776
2776
2777
2777
2777
2777
2778
2779
2779
2780
2781
2781
2781
2784
2784
2786
2788
2788
2789
2791
2791
2792
2792
2792
2793
2793
2794
2795
2797
2802
2802
2803
2803
2805
2806
2807
2808
2809
2812
2812
2815
2815
2816
2817
2817
2817
2817
2820
2820
2820
2822
2822
2822
2822
2822
2823
2824
2824
2825
2827
2829
2829
2829
2830
2830
2830
2831
2832
2833
2833
2835
2835
2836
2836
2837
2837
2839
2839
2839
2840
2841
2841
2841
2842
2842
2842
2843
2844
2845
2846
2846
2848
2848
2849
2850
2851
2852
2853
2853
2854
2854
2855
2855
2856
2859
2859
2860
2861
2861
2862
2865
2866
2867
2867
2867
2871
2871
2871
2873
2874
2874
2876
2877
2878
2879
2880
2880
2883
2884
2889
2889
2891
2891
2891
2891
2893
2894
2895
2896
2897
2897
2898
2901
2902
2902
2902
2903
2903
2904
2905
2905
2911
2911
2912
2912
2913
2913
2914
2914
2914
2915
2915
2915
2916
2916
2918
2919
2920
2920
2922
2923
2924
2925
2925
2926
2928
2928
2930
2932
2932
2933
2935
2936
2936
2936
2938
2939
2939
2940
2941
2942
2943
2943
2943
2944
2944
2946
2947
2949
2950
2950
2954
2954
2954
2954
2955
2956
2956
2956
2960
2960
2961
2961
2962
2963
2963
2965
2968
2969
2969
2973
2974
2976
2976
2977
2978
2979
2982
2982
2983
2983
2983
2984
2984
2988
2988
2990
2991
2991
2991
2992
2993
2993
2994
2996
2996
2999
3000
3002
3003
3004
3005
3005
3005
3007
3007
3007
3009
3011
3013
3013
3016
3016
3017
3018
3018
3019
3020
3021
3021
3021
3022
3022
3023
3024
3026
3026
3027
3028
3029
3029
3031
3031
3031
3034
3034
3035
3036
3039
3039
3041
3041
3041
3042
3048
3049
3051
3052
3053
3054
3055
3055
3056
3056
3059
3060
3060
3062
3066
3066
3067
3068
3068
3070
3072
3074
3074
3075
3075
3076
3077
3078
3079
3079
3080
3082
3082
3082
3083
3083
3084
3086
3086
3088
3088
3088
3090
3096
3098
3098
3099
3100
3105
3105
3106
3106
3107
3110
3110
3111
3111
3112
3113
3113
3115
3116
3116
3118
3118
3120
3121
3122
3123
3125
3125
3126
3126
3126
3126
3127
3127
3129
3131
3131
3132
3133
3133
3133
3134
3135
3135
3135
3136
3140
3140
3141
3143
3143
3144
3144
3145
3146
3146
3148
3148
3149
3150
3150
3150
3151
3152
3152
3154
3155
3158
3159
3160
3162
3163
3163
3167
3168
3169
3169
3171
3174
3175
3178
3178
3179
3179
3181
3183
3183
3184
3184
3184
3185
3186
3186
3186
3187
3190
3196
3196
3199
3200
3201
3202
3203
3204
3205
3205
3210
3214
3214
3214
3217
3219
3221
3222
3223
3224
3225
3225
3227
3228
3230
3230
3232
3233
3233
3233
3234
3235
3235
3236
3236
3237
3238
3238
3238
3239
3240
3240
3241
3241
3244
3246
3249
3251
3251
3252
3253
3254
3254
3256
3257
3261
3261
3263
3263
3265
3268
3268
3269
3269
3274
3274
3276
3277
3277
3278
3279
3280
3281
3282
3284
3284
3286
3286
3287
3289
3290
3292
3296
3298
3299
3300
3301
3302
3302
3305
3308
3308
3308
3309
3311
3311
3312
3313
3314
3316
3317
3320
3321
3324
3324
3325
3326
3326
3330
3331
3332
3332
3333
3334
3335
3336
3339
3340
3341
3343
3345
3345
3350
3351
3353
3353
3354
3354
3354
3355
3356
3360
3362
3362
3362
3364
3364
3366
3367
3368
3369
3369
3371
3371
3373
3373
3375
3375
3376
3376
3379
3379
3380
3381
3382
3385
3387
3388
3389
3390
3390
3390
3392
3394
3394
3395
3395
3399
3399
3400
3403
3405
3405
3405
3406
3406
3406
3406
3407
3408
3409
3409
3412
3414
3415
3415
3416
3417
3419
3420
3421
3422
3423
3424
3424
3424
3425
3427
3427
3428
3429
3429
3431
3432
3433
3435
3435
3435
3436
3436
3438
3439
3439
3440
3442
3443
3444
3445
3446
3446
3448
3448
3448
3450
3451
3452
3452
3453
3453
3456
3456
3458
3458
3458
3459
3460
3460
3462
3463
3464
3464
3465
3465
3466
3467
3467
3469
3470
3472
3473
3473
3474
3474
3475
3475
3477
3478
3478
3479
3481
3481
3482
3483
3485
3487
3487
3487
3489
3490
3491
3491
3492
3497
3498
3498
3499
3501
3502
3502
3503
3504
3509
3509
3510
3513
3514
3514
3514
3515
3515
3517
3517
3517
3519
3522
3523
3524
3526
3527
3527
3530
3531
3532
3532
3533
3536
3537
3538
3539
3540
3542
3544
3545
3545
3545
3545
3547
3549
3550
3550
3552
3552
3552
3555
3557
3558
3558
3559
3559
3560
3561
3561
3561
3561
3561
3561
3562
3563
3564
3565
3565
3567
3568
3568
3569
3570
3570
3572
3572
3572
3573
3573
3574
3574
3576
3578
3579
3579
3579
3580
3580
3581
3582
3582
3584
3584
3585
3586
3586
3588
3588
3593
3593
3594
3594
3594
3596
3596
3596
3597
3597
3597
3598
3599
3600
3601
3603
3603
3604
3606
3606
3606
3608
3609
3609
3611
3611
3615
3615
3616
3619
3620
3622
3623
3624
3624
3624
3624
3625
3625
3626
3627
3629
3631
3631
3635
3635
3636
3637
3637
3637
3638
3639
3639
3640
3641
3642
3642
3643
3644
3645
3648
3649
3654
3655
3658
3659
3660
3660
3663
3664
3666
3669
3672
3673
3673
3680
3680
3681
3683
3684
3685
3686
3687
3688
3689
3690
3691
3693
3694
3696
3696
3700
3700
3701
3706
3706
3707
3709
3709
3709
3712
3712
3712
3713
3717
3717
3718
3719
3719
3722
3724
3725
3725
3726
3726
3727
3729
3730
3731
3731
3733
3738
3739
3740
3742
3742
3746
3746
3747
3748
3749
3749
3749
3750
3751
3754
3754
3754
3758
3759
3759
3760
3760
3761
3761
3762
3762
3764
3764
3764
3765
3766
3767
3767
3768
3769
3769
3769
3769
3772
3773
3774
3775
3775
3776
3776
3777
3777
3780
3781
3781
3782
3783
3785
3785
3786
3786
3787
3787
3788
3789
3790
3792
3793
3796
3796
3798
3799
3800
3800
3800
3801
3802
3802
3803
3803
3805
3805
3806
3809
3809
3811
3811
3812
3812
3812
3813
3815
3815
3818
3818
3819
3819
3819
3819
3820
3821
3823
3823
3823
3823
3828
3836
3837
3841
3842
3845
3848
3849
3851
3851
3851
3853
3854
3855
3856
3857
3858
3859
3860
3861
3861
3862
3862
3863
3864
3864
3866
3867
3867
3867
3868
3869
3870
3871
3871
3871
3872
3872
3872
3874
3875
3875
3876
3876
3877
3877
3878
3880
3880
3880
3881
3881
3884
3884
3884
3885
3885
3886
3890
3890
3891
3892
3892
3892
3899
3899
3902
3902
3903
3904
3905
3906
3906
3906
3907
3909
3911
3913
3914
3916
3916
3920
3920
3921
3921
3922
3922
3922
3923
3923
3925
3927
3927
3928
3930
3930
3930
3930
3931
3931
3932
3933
3936
3937
3938
3939
3939
3939
3941
3941
3942
3942
3943
3944
3946
3947
3951
3952
3954
3954
3954
3954
3955
3955
3956
3956
3958
3959
3959
3963
3963
3965
3966
3966
3969
3969
3970
3970
3971
3972
3972
3972
3973
3974
3975
3977
3977
3979
3980
3980
3982
3982
3984
3985
3985
3987
3988
3988
3989
3990
3991
3992
3993
3993
3995
3995
3998
3998
4001
4003
4006
4007
4007
4008
4010
4011
4012
4013
4013
4014
4015
4016
4016
4017
4018
4018
4020
4020
4021
4022
4023
4023
4024
4024
4026
4027
4028
4029
4029
4030
4030
4032
4033
4035
4035
4037
4038
4039
4039
4041
4042
4044
4045
4045
4046
4049
4049
4050
4050
4050
4051
4053
4053
4053
4054
4054
4056
4056
4056
4058
4059
4060
4062
4063
4063
4063
4063
4064
4064
4065
4065
4065
4066
4068
4069
4070
4070
4070
4071
4074
4075
4079
4079
4082
4082
4084
4084
4086
4087
4088
4088
4089
4089
4091
4092
4093
4095
4096
4097
4097
4098
4098
4098
4099
4100
4100
4103
4103
4105
4105
4106
4109
4109
4111
4112
4112
4117
4120
4120
4121
4123
4123
4123
4125
4125
4125
4127
4127
4128
4128
4128
4130
4130
4131
4132
4133
4134
4136
4137
4137
4137
4139
4139
4140
4141
4142
4142
4145
4145
4146
4148
4148
4150
4150
4150
4152
4152
4152
4153
4154
4157
4161
4164
4164
4166
4166
4168
4170
4171
4172
4173
4173
4173
4174
4174
4174
4177
4178
4179
4182
4182
4182
4185
4185
4186
4187
4188
4188
4189
4190
4192
4195
4196
4196
4197
4197
4198
4198
4198
4199
4202
4204
4204
4205
4207
4210
4211
4211
4211
4214
4214
4219
4219
4220
4221
4224
4227
4228
4229
4230
4230
4230
4230
4231
4231
4232
4232
4234
4234
4239
4241
4243
4244
4244
4244
4245
4245
4246
4247
4247
4249
4249
4250
4252
4253
4255
4257
4257
4258
4259
4260
4260
4261
4262
4263
4263
4263
4263
4264
4264
4265
4265
4266
4269
4269
4270
4271
4271
4271
4273
4273
4275
4275
4275
4276
4278
4278
4281
4281
4282
4284
4285
4287
4287
4292
4296
4296
4296
4296
4297
4301
4302
4302
4303
4303
4304
4305
4306
4308
4308
4308
4308
4309
4312
4312
4313
4316
4316
4317
4318
4319
4320
4320
4320
4320
4322
4324
4326
4326
4328
4328
4328
4329
4331
4333
4333
4333
4334
4335
4341
4342
4342
4344
4345
4345
4345
4346
4347
4348
4351
4352
4353
4353
4354
4356
4356
4359
4359
4360
4361
4363
4365
4365
4366
4368
4369
4373
4374
4378
4378
4379
4382
4382
4382
4384
4385
4387
4388
4388
4389
4391
4392
4393
4393
4393
4396
4396
4396
4396
4397
4400
4400
4402
4402
4402
4402
4404
4404
4405
4406
4407
4409
4409
4412
4413
4415
4415
4415
4416
4417
4419
4420
4423
4424
4425
4425
4425
4426
4426
4426
4426
4427
4427
4427
4427
4428
4428
4429
4429
4429
4430
4431
4432
4432
4433
4434
4437
4437
4437
4439
4440
4440
4441
4442
4442
4442
4445
4445
4445
4447
4448
4448
4449
4452
4452
4453
4454
4456
4456
4457
4458
4459
4459
4459
4461
4462
4463
4464
4465
4465
4465
4465
4466
4467
4467
4468
4469
4469
4469
4471
4472
4473
4474
4475
4480
4481
4482
4485
4485
4485
4485
4486
4491
4491
4492
4492
4492
4495
4496
4496
4497
4497
4498
4498
4499
4500
4500
4501
4503
4503
4504
4505
4507
4507
4507
4508
4510
4513
4515
4515
4517
4517
4517
4519
4520
4522
4522
4525
4526
4528
4528
4530
4530
4531
4532
4532
4533
4534
4535
4535
4535
4537
4538
4539
4540
4541
4541
4543
4547
4547
4548
4548
4549
4549
4549
4552
4554
4555
4556
4557
4557
4558
4559
4559
4564
4565
4565
4566
4569
4569
4572
4573
4573
4575
4576
4579
4580
4581
4582
4582
4583
4584
4585
4586
4586
4590
4590
4592
4595
4596
4596
4598
4600
4600
4604
4608
4608
4609
4609
4609
4610
4611
4612
4612
4613
4614
4614
4615
4615
4615
4618
4619
4619
4619
4621
4624
4624
4624
4625
4625
4626
4628
4631
4632
4633
4638
4639
4639
4641
4642
4642
4644
4645
4647
4648
4649
4649
4651
4653
4653
4653
4654
4658
4659
4659
4659
4659
4661
4662
4664
4665
4666
4669
4670
4670
4671
4672
4676
4676
4676
4676
4676
4677
4678
4678
4678
4678
4681
4682
4682
4682
4683
4685
4686
4687
4690
4690
4690
4691
4693
4693
4695
4697
4697
4697
4697
4699
4700
4700
4701
4701
4701
4702
4703
4704
4706
4707
4710
4710
4710
4711
4711
4712
4712
4713
4714
4715
4716
4717
4717
4719
4726
4727
4729
4730
4730
4732
4734
4735
4735
4735
4736
4737
4737
4738
4738
4739
4740
4740
4740
4741
4741
4748
4750
4750
4755
4755
4757
4757
4758
4761
4762
4764
4768
4768
4771
4772
4773
4775
4775
4776
4776
4776
4776
4778
4780
4782
4782
4782
4784
4785
4785
4785
4786
4786
4786
4786
4787
4788
4788
4788
4788
4788
4790
4795
4795
4796
4796
4799
4800
4801
4802
4802
4803
4803
4805
4807
4808
4810
4810
4810
4810
4813
4813
4813
4813
4813
4814
4815
4818
4819
4820
4820
4821
4823
4824
4824
4825
4826
4826
4827
4827
4828
4829
4829
4830
4833
4833
4834
4834
4835
4835
4836
4836
4837
4839
4840
4840
4841
4841
4842
4842
4842
4843
4845
4846
4848
4849
4851
4853
4853
4853
4854
4855
4855
4856
4857
4857
4858
4858
4860
4861
4861
4865
4866
4867
4867
4867
4868
4870
4872
4872
4874
4874
4875
4875
4876
4876
4880
4881
4884
4884
4885
4886
4887
4887
4888
4890
4891
4892
4892
4893
4897
4897
4898
4900
4900
4900
4902
4902
4903
4903
4906
4909
4911
4911
4912
4913
4914
4914
4915
4915
4916
4916
4916
4918
4919
4919
4922
4922
4923
4925
4926
4927
4927
4927
4927
4930
4931
4931
4934
4934
4935
4935
4936
4936
4937
4937
4937
4940
4941
4941
4946
4947
4947
4947
4947
4948
4949
4950
4951
4951
4953
4955
4955
4956
4958
4958
4958
4960
4961
4963
4963
4963
4964
4964
4966
4966
4966
4969
4971
4975
4976
4977
4980
4980
4981
4984
4984
4988
4990
4991
4991
4992
4993
4993
4997
4999
5000
5001
5003
5003
5004
5005
5007
5007
5009
5009
5010
5010
5012
5013
5016
5016
5017
5018
5018
5019
5021
5022
5022
5024
5024
5024
5025
5025
5028
5029
5029
5029
5030
5030
5031
5031
5032
5032
5034
5035
5035
5037
5038
5040
5040
5041
5041
5042
5042
5043
5043
5045
5046
5048
5048
5049
5049
5050
5051
5051
5052
5052
5052
5053
5053
5054
5055
5057
5058
5058
5058
5062
5063
5068
5070
5072
5074
5075
5075
5075
5078
5078
5080
5084
5085
5085
5088
5088
5088
5090
5090
5092
5092
5092
5094
5095
5095
5097
5098
5098
5099
5100
5101
5101
5103
5106
5106
5106
5109
5110
5113
5114
5115
5115
5118
5120
5122
5123
5123
5124
5125
5125
5128
5128
5128
5130
5130
5130
5130
5130
5134
5137
5138
5139
5140
5140
5141
5142
5142
5142
5143
5144
5144
5145
5145
5146
5147
5148
5149
5149
5149
5150
5150
5151
5151
5153
5154
5154
5155
5155
5156
5156
5157
5159
5162
5162
5163
5163
5166
5166
5167
5170
5170
5171
5172
5172
5173
5175
5180
5180
5180
5181
5181
5182
5182
5182
5184
5185
5186
5186
5186
5186
5188
5188
5189
5189
5189
5189
5190
5191
5191
5192
5193
5193
5194
5195
5195
5197
5197
5197
5200
5200
5201
5201
5201
5201
5202
5203
5203
5203
5203
5207
5211
5212
5213
5214
5215
5216
5216
5216
5216
5217
5219
5222
5222
5222
5222
5224
5224
5226
5226
5226
5228
5228
5228
5230
5231
5231
5234
5234
5235
5235
5235
5238
5238
5239
5243
5243
5243
5245
5246
5247
5248
5248
5250
5251
5252
5252
5253
5256
5257
5258
5259
5260
5262
5262
5263
5263
5266
5267
5268
5268
5269
5269
5270
5270
5271
5271
5272
5273
5274
5275
5275
5276
5276
5276
5276
5280
5281
5282
5282
5282
5283
5284
5284
5288
5291
5293
5294
5295
5297
5297
5298
5299
5299
5302
5302
5305
5305
5307
5309
5309
5310
5310
5312
5313
5313
5313
5315
5315
5316
5316
5316
5318
5319
5320
5321
5322
5322
5323
5324
5324
5324
5324
5325
5327
5327
5327
5328
5329
5329
5330
5331
5332
5334
5334
5334
5335
5337
5338
5342
5342
5343
5344
5344
5345
5346
5346
5347
5349
5351
5351
5352
5353
5354
5354
5356
5357
5358
5359
5360
5360
5360
5361
5364
5364
5365
5365
5366
5367
5367
5368
5368
5369
5370
5372
5372
5372
5372
5373
5374
5375
5375
5376
5376
5377
5377
5379
5380
5380
5381
5382
5384
5385
5386
5387
5388
5389
5393
5393
5393
5393
5393
5394
5395
5395
5395
5395
5397
5398
5399
5401
5401
5403
5404
5405
5407
5407
5409
5409
5412
5412
5412
5414
5415
5415
5415
5417
5419
5420
5421
5423
5424
5428
5429
5431
5433
5435
5435
5435
5436
5436
5436
5439
5439
5440
5440
5440
5440
5442
5442
5443
5443
5444
5444
5444
5444
5446
5449
5449
5450
5452
5452
5452
5453
5454
5455
5455
5456
5457
5459
5464
5464
5466
5466
5467
5467
5468
5470
5471
5472
5473
5473
5474
5475
5477
5477
5480
5481
5481
5482
5484
5484
5484
5484
5487
5488
5491
5493
5493
5495
5495
5496
5497
5497
5498
5498
5501
5501
5501
5502
5503
5504
5505
5505
5507
5508
5512
5512
5514
5514
5515
5517
5518
5519
5520
5520
5522
5524
5524
5526
5526
5527
5527
5528
5529
5529
5532
5532
5532
5533
5535
5535
5536
5536
5537
5538
5539
5540
5541
5544
5544
5545
5546
5547
5547
5549
5549
5549
5552
5552
5552
5553
5554
5556
5556
5558
5559
5560
5560
5561
5561
5562
5563
5564
5565
5565
5566
5569
5569
5569
5571
5574
5574
5576
5580
5580
5581
5581
5582
5582
5584
5584
5585
5585
5586
5586
5586
5587
5590
5591
5593
5594
5595
5598
5600
5601
5603
5604
5605
5605
5607
5608
5609
5610
5611
5611
5615
5615
5615
5615
5617
5618
5621
5623
5624
5626
5626
5627
5627
5629
5630
5634
5634
5634
5635
5635
5636
5637
5637
5637
5637
5638
5638
5638
5640
5640
5642
5642
5642
5643
5643
5643
5643
5645
5648
5648
5649
5655
5655
5655
5657
5657
5659
5659
5660
5662
5663
5664
5665
5665
5665
5666
5666
5667
5667
5667
5669
5670
5670
5671
5671
5673
5673
5674
5674
5674
5677
5677
5678
5679
5679
5680
5680
5682
5683
5683
5683
5684
5684
5685
5686
5687
5688
5688
5689
5689
5690
5696
5696
5696
5697
5697
5699
5702
5702
5702
5704
5705
5706
5712
5712
5714
5714
5715
5715
5715
5715
5715
5715
5716
5719
5719
5720
5720
5720
5721
5721
5722
5722
5722
5723
5723
5723
5723
5724
5725
5726
5727
5728
5728
5733
5734
5737
5738
5738
5738
5739
5740
5742
5745
5746
5747
5748
5749
5750
5752
5752
5753
5756
5758
5758
5758
5759
5759
5760
5761
5761
5761
5761
5765
5765
5765
5766
5768
5769
5769
5769
5770
5771
5771
5773
5774
5774
5774
5775
5776
5780
5780
5782
5783
5783
5784
5784
5785
5785
5787
5790
5792
5794
5794
5796
5796
5797
5797
5798
5801
5802
5803
5803
5804
5806
5806
5807
5810
5811
5812
5813
5815
5816
5816
5818
5818
5819
5820
5821
5822
5823
5824
5824
5826
5826
5827
5831
5833
5833
5834
5835
5835
5837
5839
5841
5841
5841
5841
5843
5844
5845
5846
5847
5847
5848
5848
5849
5849
5849
5855
5856
5857
5857
5857
5858
5859
5859
5860
5860
5862
5862
5863
5863
5863
5864
5864
5864
5864
5864
5866
5866
5867
5867
5868
5869
5870
5873
5873
5873
5874
5876
5877
5877
5877
5879
5879
5879
5881
5883
5883
5886
5887
5887
5890
5891
5891
5892
5893
5894
5895
5895
5895
5895
5896
5896
5901
5901
5902
5903
5903
5904
5904
5905
5906
5906
5906
5908
5908
5909
5910
5911
5911
5912
5912
5914
5914
5916
5917
5918
5918
5918
5922
5922
5923
5923
5924
5924
5926
5926
5926
5927
5927
5929
5929
5930
5932
5935
5935
5935
5937
5938
5938
5941
5941
5944
5945
5945
5946
5946
5946
5946
5948
5948
5950
5950
5950
5951
5953
5953
5954
5957
5958
5958
5961
5962
5962
5963
5965
5966
5966
5966
5967
5968
5969
5969
5970
5971
5971
5971
5974
5974
5975
5977
5978
5978
5980
5982
5982
5982
5982
5983
5985
5987
5987
5988
5990
5991
5991
5991
5994
5994
5995
5998
5998
5999
5999
5999
6000
6000
6001
6001
6001
6004
6005
6006
6008
6008
6010
6010
6011
6012
6013
6013
6014
6014
6016
6017
6018
6018
6020
6020
6021
6023
6023
6023
6024
6024
6024
6025
6027
6027
6027
6027
6029
6030
6031
6034
6035
6036
6036
6037
6037
6039
6040
6040
6041
6047
6048
6049
6057
6062
6062
6063
6063
6064
6064
6066
6066
6070
6075
6075
6076
6076
6077
6078
6078
6079
6080
6080
6082
6084
6084
6085
6085
6087
6087
6088
6091
6092
6092
6093
6094
6095
6096
6097
6098
6099
6099
6101
6101
6103
6107
6109
6109
6109
6110
6113
6115
6116
6116
6116
6117
6120
6121
6121
6121
6122
6122
6123
6123
6128
6129
6129
6131
6131
6131
6131
6137
6137
6139
6140
6141
6141
6142
6143
6145
6146
6147
6149
6149
6150
6152
6152
6154
6155
6156
6156
6156
6157
6158
6159
6160
6160
6162
6162
6163
6163
6164
6165
6166
6166
6167
6169
6169
6170
6171
6171
6171
6172
6172
6174
6175
6177
6179
6182
6183
6184
6185
6186
6186
6189
6189
6189
6190
6194
6196
6197
6199
6199
6200
6200
6201
6203
6203
6208
6210
6210
6212
6212
6212
6213
6213
6214
6215
6217
6219
6220
6224
6225
6225
6226
6227
6227
6228
6229
6230
6230
6231
6232
6232
6232
6233
6234
6234
6235
6236
6237
6238
6240
6240
6240
6242
6243
6243
6244
6244
6245
6247
6249
6251
6253
6254
6254
6256
6258
6258
6259
6259
6260
6260
6260
6261
6262
6262
6263
6264
6265
6265
6265
6266
6267
6274
6276
6278
6278
6278
6279
6280
6280
6283
6284
6284
6284
6286
6288
6291
6292
6293
6293
6293
6293
6294
6295
6295
6296
6297
6300
6301
6302
6302
6302
6303
6303
6304
6306
6306
6308
6309
6311
6311
6311
6314
6314
6315
6318
6320
6320
6321
6322
6322
6323
6324
6326
6326
6327
6329
6330
6331
6331
6331
6331
6332
6333
6334
6334
6335
6336
6336
6337
6340
6341
6341
6342
6343
6345
6346
6346
6347
6348
6349
6351
6354
6354
6355
6357
6360
6362
6362
6362
6362
6363
6364
6365
6365
6365
6365
6365
6367
6367
6368
6368
6371
6371
6372
6372
6374
6377
6379
6384
6384
6384
6385
6385
6387
6388
6388
6388
6392
6393
6394
6395
6396
6398
6400
6400
6400
6401
6401
6401
6401
6401
6402
6403
6403
6404
6406
6408
6409
6410
6411
6412
6413
6413
6414
6415
6415
6416
6416
6416
6416
6420
6424
6428
6431
6431
6432
6433
6434
6434
6434
6435
6436
6436
6439
6439
6439
6439
6441
6441
6441
6442
6442
6443
6445
6445
6446
6446
6447
6448
6449
6449
6450
6450
6451
6451
6452
6453
6454
6455
6455
6456
6459
6459
6463
6464
6464
6466
6466
6466
6467
6467
6467
6468
6469
6470
6470
6470
6472
6472
6472
6474
6474
6475
6475
6475
6476
6477
6478
6478
6478
6480
6480
6482
6484
6484
6484
6486
6488
6490
6492
6492
6493
6493
6494
6496
6499
6499
6500
6501
6502
6502
6502
6503
6503
6503
6504
6504
6505
6505
6506
6507
6508
6508
6509
6509
6510
6511
6511
6512
6515
6516
6517
6517
6518
6518
6519
6522
6523
6525
6525
6529
6529
6529
6530
6531
6531
6531
6532
6533
6533
6534
6534
6535
6536
6536
6538
6539
6541
6543
6544
6544
6546
6546
6547
6547
6549
6550
6551
6551
6552
6554
6557
6557
6558
6558
6558
6558
6560
6561
6561
6562
6563
6563
6564
6565
6566
6567
6568
6570
6571
6572
6572
6573
6573
6575
6575
6578
6578
6580
6582
6582
6584
6584
6584
6585
6585
6586
6587
6588
6589
6590
6591
6594
6594
6594
6595
6596
6597
6598
6598
6599
6602
6602
6603
6604
6604
6604
6606
6607
6607
6607
6608
6608
6609
6609
6609
6609
6610
6613
6614
6615
6616
6617
6618
6618
6618
6618
6618
6619
6620
6620
6621
6622
6625
6626
6628
6628
6629
6629
6629
6630
6630
6632
6632
6632
6634
6636
6637
6638
6638
6639
6640
6643
6643
6645
6646
6647
6648
6648
6648
6650
6653
6653
6656
6657
6657
6657
6657
6661
6661
6662
6662
6663
6663
6663
6664
6667
6668
6668
6669
6670
6671
6672
6672
6674
6675
6675
6676
6677
6678
6678
6678
6678
6679
6680
6680
6680
6680
6681
6682
6684
6686
6692
6692
6692
6693
6694
6695
6695
6696
6696
6697
6697
6698
6699
6700
6702
6702
6702
6703
6704
6704
6705
6705
6708
6709
6709
6709
6711
6711
6712
6712
6715
6716
6716
6717
6718
6720
6720
6720
6720
6721
6723
6724
6727
6727
6730
6731
6732
6732
6733
6734
6734
6735
6737
6737
6737
6737
6739
6739
6739
6741
6741
6742
6742
6743
6744
6745
6745
6746
6747
6747
6748
6749
6749
6750
6750
6751
6751
6752
6753
6754
6757
6758
6759
6759
6759
6759
6761
6761
6763
6764
6764
6767
6767
6767
6767
6768
6769
6771
6771
6771
6772
6774
6775
6775
6777
6778
6780
6780
6780
6781
6782
6782
6784
6786
6786
6788
6789
6789
6790
6792
6793
6794
6795
6796
6797
6798
6799
6799
6801
6802
6803
6805
6806
6808
6808
6809
6809
6810
6812
6812
6814
6814
6815
6815
6816
6816
6817
6818
6819
6821
6825
6827
6829
6830
6830
6830
6831
6831
6832
6835
6837
6840
6840
6841
6841
6841
6842
6842
6845
6845
6845
6845
6845
6848
6848
6848
6848
6849
6851
6851
6852
6853
6856
6857
6857
6858
6858
6859
6859
6860
6860
6861
6862
6863
6863
6864
6865
6865
6866
6866
6867
6868
6868
6869
6869
6870
6870
6871
6874
6875
6875
6876
6876
6877
6878
6878
6880
6883
6883
6887
6888
6888
6888
6889
6889
6890
6891
6892
6895
6895
6895
6896
6896
6897
6898
6899
6899
6902
6902
6902
6902
6904
6905
6905
6909
6910
6910
6910
6911
6911
6911
6912
6914
6914
6915
6916
6919
6920
6921
6922
6924
6925
6925
6925
6926
6926
6928
6929
6930
6930
6931
6932
6934
6935
6936
6938
6939
6939
6939
6940
6944
6944
6944
6944
6945
6946
6946
6947
6947
6947
6948
6949
6949
6949
6949
6949
6951
6951
6951
6952
6952
6954
6954
6956
6958
6958
6960
6960
6961
6964
6967
6967
6968
6969
6969
6970
6970
6971
6973
6975
6975
6975
6976
6977
6977
6979
6980
6982
6982
6983
6983
6986
6988
6991
6991
6993
6994
6995
6999
7000
7001
7001
7001
7005
7005
7007
7008
7010
7010
7011
7012
7012
7012
7014
7017
7018
7018
7021
7021
7022
7023
7024
7025
7026
7027
7028
7028
7029
7030
7031
7031
7032
7032
7033
7034
7034
7034
7035
7036
7037
7039
7040
7040
7043
7043
7044
7046
7046
7048
7051
7053
7054
7055
7056
7057
7058
7059
7059
7060
7060
7060
7064
7064
7064
7066
7067
7067
7067
7068
7068
7069
7071
7071
7072
7073
7076
7076
7078
7079
7080
7080
7081
7082
7082
7083
7085
7085
7086
7086
7086
7087
7090
7091
7092
7094
7094
7096
7097
7099
7105
7106
7106
7107
7108
7108
7108
7108
7108
7108
7109
7109
7111
7112
7112
7113
7113
7115
7116
7117
7117
7117
7118
7119
7119
7119
7120
7121
7121
7122
7123
7125
7125
7126
7126
7127
7127
7128
7128
7130
7136
7136
7137
7137
7137
7138
7138
7139
7141
7144
7145
7145
7147
7147
7148
7150
7150
7151
7151
7152
7153
7153
7154
7156
7158
7159
7163
7163
7163
7164
7165
7166
7166
7166
7168
7170
7170
7171
7172
7172
7174
7174
7174
7177
7177
7177
7178
7179
7180
7181
7183
7184
7184
7184
7184
7186
7189
7190
7190
7190
7194
7195
7196
7199
7200
7200
7203
7208
7208
7209
7211
7211
7213
7214
7215
7219
7220
7221
7222
7223
7224
7225
7225
7226
7227
7229
7230
7231
7234
7235
7237
7238
7239
7241
7241
7241
7242
7247
7248
7249
7250
7251
7251
7252
7253
7253
7253
7255
7255
7258
7260
7262
7263
7264
7265
7268
7271
7271
7271
7272
7273
7274
7274
7275
7275
7275
7277
7278
7279
7279
7279
7280
7280
7282
7286
7286
7287
7289
7289
7289
7290
7290
7290
7291
7291
7292
7293
7297
7299
7301
7304
7306
7307
7307
7308
7310
7311
7311
7311
7312
7312
7313
7315
7315
7315
7316
7316
7318
7319
7319
7320
7320
7324
7324
7325
7325
7326
7327
7327
7328
7329
7329
7330
7331
7334
7335
7335
7335
7337
7338
7338
7338
7338
7339
7339
7340
7340
7340
7343
7343
7344
7344
7345
7348
7349
7350
7351
7352
7352
7354
7354
7354
7354
7355
7356
7356
7356
7357
7357
7359
7359
7359
7360
7361
7361
7364
7365
7367
7368
7369
7369
7370
7371
7374
7374
7375
7375
7377
7381
7381
7382
7383
7383
7385
7386
7386
7387
7389
7389
7390
7391
7392
7392
7394
7394
7395
7395
7398
7399
7402
7406
7406
7409
7409
7410
7411
7412
7412
7412
7415
7416
7416
7417
7418
7419
7419
7420
7420
7424
7424
7424
7425
7426
7427
7427
7427
7427
7429
7429
7429
7430
7432
7433
7433
7438
7438
7438
7438
7441
7442
7442
7442
7443
7443
7444
7444
7444
7445
7446
7448
7449
7450
7450
7454
7456
7458
7459
7460
7461
7463
7463
7465
7465
7466
7466
7467
7467
7467
7468
7470
7471
7471
7472
7473
7474
7474
7475
7475
7475
7475
7478
7480
7482
7483
7484
7488
7488
7491
7491
7491
7492
7493
7493
7493
7494
7495
7496
7497
7498
7500
7501
7502
7503
7503
7504
7504
7504
7504
7507
7507
7508
7509
7510
7510
7510
7512
7512
7512
7513
7514
7515
7516
7517
7518
7520
7520
7521
7522
7523
7523
7523
7523
7524
7525
7525
7526
7527
7528
7529
7529
7531
7532
7532
7536
7536
7540
7543
7543
7544
7545
7549
7549
7550
7553
7554
7554
7555
7555
7555
7556
7557
7557
7557
7558
7559
7561
7561
7562
7562
7562
7562
7563
7566
7568
7568
7570
7570
7570
7570
7571
7572
7573
7574
7575
7575
7575
7576
7576
7577
7577
7581
7583
7583
7586
7587
7588
7589
7589
7590
7591
7592
7594
7594
7594
7594
7596
7596
7597
7604
7604
7605
7606
7606
7607
7610
7610
7612
7612
7613
7618
7618
7619
7619
7621
7623
7623
7623
7626
7627
7630
7634
7634
7638
7639
7641
7641
7643
7643
7644
7644
7644
7646
7647
7647
7648
7649
7655
7656
7658
7660
7661
7661
7661
7661
7663
7663
7666
7666
7666
7670
7672
7672
7675
7677
7678
7679
7680
7680
7682
7683
7684
7686
7687
7688
7690
7692
7692
7693
7694
7694
7695
7697
7697
7697
7697
7699
7700
7702
7702
7702
7702
7702
7703
7703
7705
7706
7707
7708
7708
7709
7712
7712
7712
7713
7713
7713
7714
7714
7715
7716
7717
7717
7722
7723
7724
7724
7726
7726
7729
7730
7732
7732
7734
7734
7734
7736
7738
7738
7739
7739
7740
7742
7742
7743
7744
7745
7746
7747
7751
7751
7752
7752
7753
7757
7759
7759
7759
7760
7760
7760
7761
7761
7761
7762
7763
7764
7768
7768
7771
7772
7772
7774
7775
7776
7780
7783
7785
7785
7786
7786
7786
7786
7786
7787
7791
7792
7793
7793
7793
7793
7794
7794
7798
7799
7800
7800
7801
7801
7801
7804
7804
7804
7805
7806
7806
7807
7807
7807
7809
7810
7812
7813
7813
7815
7815
7818
7820
7822
7823
7823
7824
7824
7824
7825
7825
7826
7826
7826
7831
7831
7831
7832
7832
7833
7835
7835
7836
7839
7840
7840
7841
7841
7842
7845
7845
7848
7849
7849
7849
7849
7850
7852
7852
7856
7856
7857
7858
7858
7860
7860
7862
7862
7862
7862
7863
7865
7866
7868
7869
7871
7871
7872
7872
7873
7873
7874
7874
7875
7876
7877
7877
7878
7879
7880
7882
7883
7883
7884
7885
7885
7885
7888
7888
7890
7892
7894
7894
7897
7898
7899
7899
7900
7901
7902
7902
7902
7902
7902
7904
7906
7908
7909
7911
7912
7915
7917
7917
7918
7918
7919
7920
7920
7921
7922
7925
7925
7928
7928
7928
7929
7930
7930
7931
7931
7931
7934
7935
7935
7935
7935
7936
7937
7938
7939
7940
7940
7942
7942
7942
7943
7944
7946
7948
7950
7951
7952
7955
7957
7959
7959
7959
7960
7961
7963
7964
7964
7965
7965
7966
7966
7966
7967
7967
7968
7969
7971
7972
7972
7973
7973
7975
7976
7976
7979
7979
7979
7980
7981
7984
7986
7987
7987
7990
7992
7993
7994
7994
7996
7998
7998
7999
7999
8001
8001
8002
8002
8003
8003
8006
8007
8009
8009
8013
8013
8015
8015
8016
8017
8017
8017
8018
8022
8023
8023
8024
8027
8027
8027
8027
8029
8029
8029
8029
8029
8030
8031
8031
8033
8034
8035
8038
8039
8040
8041
8042
8042
8043
8045
8045
8045
8046
8046
8048
8049
8050
8051
8052
8053
8056
8056
8063
8070
8071
8072
8075
8075
8076
8076
8076
8077
8077
8078
8078
8078
8078
8082
8083
8084
8084
8086
8086
8087
8088
8089
8091
8091
8091
8091
8091
8092
8093
8093
8093
8093
8096
8097
8097
8099
8101
8101
8102
8102
8104
8104
8105
8105
8105
8106
8106
8111
8111
8112
8113
8114
8115
8115
8115
8116
8117
8118
8120
8122
8122
8122
8123
8124
8125
8125
8125
8126
8127
8127
8127
8130
8130
8131
8132
8134
8134
8134
8134
8135
8135
8135
8135
8136
8138
8139
8140
8141
8142
8144
8145
8145
8145
8147
8147
8148
8148
8150
8151
8151
8152
8152
8154
8155
8155
8156
8157
8157
8158
8158
8159
8159
8161
8163
8163
8164
8165
8167
8167
8171
8171
8173
8174
8175
8175
8176
8179
8180
8181
8182
8182
8182
8183
8184
8184
8185
8185
8186
8186
8188
8188
8190
8190
8193
8194
8196
8196
8196
8197
8198
8201
8202
8202
8204
8204
8205
8206
8206
8207
8207
8208
8208
8208
8208
8208
8210
8210
8210
8212
8212
8213
8213
8213
8214
8217
8219
8222
8223
8226
8227
8227
8228
8228
8229
8230
8233
8234
8236
8239
8239
8240
8240
8240
8243
8245
8245
8246
8247
8248
8250
8252
8252
8255
8255
8255
8256
8257
8259
8259
8260
8261
8262
8262
8262
8263
8266
8268
8270
8273
8273
8273
8273
8274
8275
8276
8276
8276
8278
8278
8278
8279
8280
8280
8282
8283
8286
8287
8288
8288
8289
8290
8291
8294
8295
8296
8297
8301
8301
8302
8303
8303
8303
8304
8306
8306
8307
8308
8311
8312
8313
8313
8313
8314
8315
8318
8319
8321
8321
8324
8324
8324
8324
8326
8327
8329
8330
8330
8332
8332
8332
8333
8334
8339
8340
8342
8343
8343
8343
8343
8343
8344
8346
8349
8350
8352
8355
8356
8356
8357
8357
8357
8359
8359
8360
8361
8361
8362
8362
8362
8363
8366
8366
8372
8375
8375
8376
8376
8377
8377
8384
8386
8387
8389
8389
8389
8390
8392
8393
8395
8395
8396
8397
8399
8399
8400
8400
8401
8401
8401
8402
8402
8403
8406
8406
8407
8409
8410
8411
8412
8412
8413
8414
8414
8416
8417
8419
8419
8419
8419
8420
8420
8421
8423
8424
8424
8424
8426
8426
8426
8428
8429
8430
8431
8432
8432
8433
8434
8435
8436
8436
8436
8436
8438
8438
8439
8439
8440
8440
8440
8441
8442
8442
8443
8446
8447
8449
8449
8450
8451
8452
8452
8453
8453
8454
8455
8456
8457
8458
8459
8460
8461
8461
8463
8464
8465
8466
8466
8466
8469
8469
8470
8473
8475
8476
8476
8476
8478
8479
8481
8481
8481
8481
8481
8483
8486
8486
8488
8491
8491
8494
8496
8498
8499
8499
8499
8501
8501
8502
8503
8503
8503
8504
8505
8505
8505
8505
8505
8506
8508
8511
8511
8511
8512
8512
8514
8515
8515
8516
8517
8519
8520
8522
8522
8525
8526
8526
8527
8527
8527
8527
8528
8529
8529
8532
8533
8535
8535
8536
8536
8537
8538
8538
8539
8539
8539
8542
8544
8545
8546
8546
8546
8549
8550
8551
8552
8554
8555
8555
8556
8556
8557
8557
8557
8558
8558
8559
8559
8563
8564
8564
8565
8565
8566
8568
8568
8568
8569
8570
8570
8573
8573
8576
8577
8577
8578
8582
8583
8583
8584
8584
8584
8585
8586
8587
8588
8591
8591
8592
8593
8594
8594
8595
8596
8598
8600
8601
8602
8602
8603
8604
8604
8605
8605
8606
8606
8607
8610
8611
8611
8612
8612
8613
8614
8617
8619
8622
8622
8622
8625
8625
8625
8626
8626
8627
8631
8632
8633
8634
8636
8636
8636
8637
8639
8641
8642
8643
8643
8644
8644
8644
8645
8648
8648
8648
8649
8650
8652
8657
8657
8657
8659
8663
8665
8666
8666
8669
8669
8669
8671
8671
8673
8676
8678
8681
8681
8683
8683
8683
8685
8686
8687
8687
8688
8689
8689
8689
8691
8691
8691
8692
8694
8694
8694
8696
8697
8698
8698
8698
8699
8700
8700
8701
8701
8701
8702
8702
8703
8704
8706
8708
8709
8709
8709
8710
8710
8710
8711
8711
8711
8712
8712
8714
8715
8715
8716
8717
8718
8719
8719
8719
8719
8719
8721
8721
8722
8722
8723
8725
8727
8728
8731
8733
8734
8734
8735
8735
8736
8736
8736
8737
8738
8739
8740
8741
8742
8743
8748
8749
8751
8752
8752
8755
8755
8756
8757
8757
8757
8761
8764
8767
8768
8768
8770
8771
8771
8773
8773
8775
8779
8779
8779
8780
8780
8782
8783
8783
8784
8784
8785
8786
8789
8790
8790
8792
8792
8793
8794
8795
8798
8798
8799
8799
8799
8799
8799
8802
8802
8802
8804
8804
8804
8804
8805
8807
8808
8808
8811
8811
8814
8815
8816
8816
8816
8818
8819
8820
8820
8821
8821
8821
8824
8825
8826
8826
8826
8829
8829
8830
8830
8831
8832
8832
8833
8836
8836
8837
8837
8837
8838
8838
8839
8842
8846
8847
8847
8849
8849
8851
8852
8853
8853
8853
8854
8854
8855
8856
8858
8858
8858
8859
8859
8861
8861
8862
8862
8865
8866
8868
8869
8870
8871
8871
8871
8872
8872
8872
8874
8875
8876
8876
8876
8876
8877
8878
8879
8882
8882
8883
8885
8887
8890
8891
8891
8891
8892
8892
8892
8892
8893
8894
8894
8895
8895
8896
8898
8899
8902
8903
8905
8905
8905
8906
8906
8907
8908
8908
8908
8909
8911
8911
8911
8912
8913
8913
8913
8914
8914
8915
8918
8918
8919
8921
8922
8924
8924
8926
8927
8928
8929
8930
8930
8932
8933
8934
8935
8935
8935
8936
8936
8936
8936
8940
8941
8941
8942
8942
8942
8943
8943
8943
8944
8945
8945
8947
8947
8947
8947
8947
8948
8950
8950
8951
8952
8953
8953
8956
8956
8956
8958
8959
8960
8961
8962
8962
8962
8963
8963
8964
8965
8966
8966
8966
8967
8968
8968
8970
8970
8973
8973
8974
8974
8974
8975
8975
8976
8976
8977
8981
8987
8989
8989
8989
8990
8991
8992
8992
8992
8993
8994
8995
8997
8997
8997
8998
9000
9001
9001
9003
9003
9003
9004
9005
9006
9006
9007
9007
9008
9009
9009
9010
9012
9012
9012
9012
9013
9015
9015
9016
9016
9016
9020
9020
9021
9021
9021
9022
9022
9022
9023
9027
9029
9029
9030
9030
9031
9035
9036
9037
9037
9039
9040
9040
9041
9041
9042
9045
9046
9046
9046
9048
9048
9051
9051
9053
9053
9053
9054
9055
9055
9059
9060
9064
9064
9064
9065
9065
9068
9072
9073
9074
9075
9075
9077
9079
9079
9080
9081
9083
9084
9085
9086
9087
9087
9087
9089
9089
9090
9091
9091
9093
9093
9093
9095
9095
9095
9096
9096
9098
9098
9099
9100
9100
9101
9102
9109
9112
9112
9112
9113
9113
9113
9114
9114
9116
9116
9117
9117
9117
9120
9120
9120
9120
9122
9122
9124
9125
9125
9127
9127
9127
9128
9129
9129
9129
9130
9131
9132
9133
9134
9134
9135
9136
9138
9140
9142
9144
9144
9145
9146
9146
9146
9147
9147
9148
9149
9149
9149
9151
9152
9152
9153
9153
9154
9154
9156
9157
9157
9158
9160
9160
9162
9162
9163
9163
9165
9167
9170
9170
9171
9171
9172
9172
9176
9177
9177
9177
9179
9180
9180
9181
9181
9182
9187
9192
9192
9193
9195
9196
9197
9197
9197
9202
9203
9204
9204
9206
9206
9209
9215
9215
9217
9218
9221
9222
9223
9223
9226
9229
9230
9231
9233
9234
9234
9237
9240
9240
9241
9241
9242
9243
9247
9249
9250
9256
9257
9259
9259
9260
9261
9264
9266
9267
9268
9269
9270
9275
9276
9276
9278
9278
9279
9279
9279
9281
9282
9283
9284
9288
9290
9291
9292
9294
9298
9299
9300
9300
9301
9301
9303
9304
9309
9311
9314
9315
9316
9316
9318
9318
9320
9320
9321
9324
9325
9326
9327
9328
9328
9332
9335
9336
9336
9337
9339
9339
9340
9340
9341
9345
9345
9346
9346
9346
9348
9349
9350
9352
9353
9354
9356
9356
9357
9357
9360
9361
9362
9363
9364
9365
9369
9370
9371
9371
9371
9372
9374
9376
9377
9377
9377
9377
9378
9378
9380
9381
9381
9382
9382
9382
9382
9385
9385
9385
9386
9386
9390
9391
9391
9391
9392
9392
9394
9394
9396
9397
9397
9398
9399
9402
9403
9403
9404
9404
9405
9407
9408
9408
9409
9410
9411
9411
9412
9412
9412
9413
9413
9414
9415
9416
9417
9417
9421
9424
9426
9426
9429
9432
9434
9435
9439
9441
9441
9441
9443
9444
9444
9445
9446
9447
9447
9453
9455
9457
9458
9459
9459
9461
9462
9463
9464
9466
9468
9469
9471
9472
9473
9473
9476
9478
9479
9480
9480
9483
9483
9483
9483
9484
9487
9487
9487
9488
9489
9489
9490
9490
9491
9492
9495
9495
9497
9498
9503
9506
9506
9509
9511
9515
9515
9518
9519
9519
9519
9520
9520
9522
9523
9524
9525
9525
9527
9529
9530
9530
9531
9532
9532
9535
9537
9537
9538
9539
9541
9541
9543
9543
9545
9545
9545
9545
9546
9548
9549
9549
9551
9552
9552
9554
9554
9556
9558
9561
9562
9562
9565
9566
9566
9567
9568
9569
9570
9571
9573
9573
9574
9574
9575
9577
9577
9577
9579
9582
9585
9585
9586
9586
9587
9588
9589
9589
9590
9591
9591
9592
9593
9593
9594
9595
9596
9596
9597
9597
9598
9600
9600
9602
9604
9604
9604
9606
9608
9608
9609
9609
9610
9611
9616
9618
9618
9619
9621
9621
9621
9623
9625
9627
9629
9629
9631
9632
9632
9632
9635
9635
9636
9637
9638
9638
9638
9640
9642
9643
9643
9644
9644
9645
9645
9646
9649
9650
9650
9650
9652
9652
9653
9653
9654
9654
9656
9657
9657
9658
9659
9660
9661
9661
9662
9662
9662
9662
9663
9664
9667
9667
9669
9671
9671
9675
9676
9676
9676
9677
9678
9679
9680
9681
9681
9682
9684
9684
9684
9685
9685
9686
9689
9691
9691
9692
9693
9694
9694
9694
9695
9695
9696
9697
9698
9699
9699
9700
9706
9706
9708
9709
9712
9712
9713
9716
9719
9720
9722
9722
9723
9724
9725
9725
9727
9727
9727
9728
9731
9731
9731
9732
9733
9733
9734
9736
9737
9737
9738
9738
9739
9740
9740
9741
9742
9742
9743
9743
9744
9747
9749
9750
9752
9752
9752
9752
9752
9753
9753
9753
9754
9754
9755
9755
9755
9756
9756
9758
9760
9760
9760
9762
9763
9766
9766
9771
9772
9778
9778
9780
9781
9784
9786
9787
9788
9789
9789
9789
9791
9792
9793
9793
9796
9796
9798
9799
9799
9801
9801
9801
9803
9804
9807
9808
9809
9809
9812
9812
9813
9813
9813
9814
9814
9815
9816
9819
9820
9826
9829
9832
9833
9833
9833
9834
9834
9837
9837
9839
9839
9840
9841
9842
9843
9844
9845
9846
9846
9846
9847
9848
9849
9849
9852
9853
9854
9855
9856
9857
9858
9858
9859
9860
9862
9862
9863
9864
9864
9865
9865
9868
9868
9870
9871
9874
9875
9875
9875
9879
9881
9881
9883
9883
9883
9885
9887
9887
9887
9887
9889
9889
9890
9890
9890
9890
9892
9892
9893
9894
9894
9896
9898
9898
9899
9900
9900
9901
9902
9902
9904
9905
9907
9909
9913
9920
9920
9920
9920
9921
9921
9921
9923
9924
9925
9925
9925
9926
9928
9928
9933
9933
9933
9933
9935
9936
9936
9936
9936
9937
9937
9939
9940
9940
9941
9941
9941
9942
9943
9943
9944
9945
9946
9946
9950
9951
9951
9953
9953
9953
9955
9957
9957
9958
9958
9959
9959
9961
9962
9965
9966
9967
9967
9970
9971
9974
9975
9975
9979
9979
9980
9981
9981
9982
9982
9982
9984
9984
9986
9986
9987
9988
9991
9991
9993
9993
9993
9993
9993
9994
9995
9995
9999
