9999
9995
9995
9994
9993
9993
9993
9993
9993
9991
9991
9988
9987
9986
9986
9984
9984
9982
9982
9982
9981
9981
9980
9979
9979
9975
9975
9974
9971
9970
9967
9967
9966
9965
9962
9961
9959
9959
9958
9958
9957
9957
9955
9953
9953
9953
9951
9951
9950
9946
9946
9945
9944
9943
9943
9942
9941
9941
9941
9940
9940
9939
9937
9937
9936
9936
9936
9936
9935
9933
9933
9933
9933
9928
9928
9926
9925
9925
9925
9924
9923
9921
9921
9921
9920
9920
9920
9920
9913
9909
9907
9905
9904
9902
9902
9901
9900
9900
9899
9898
9898
9896
9894
9894
9893
9892
9892
9890
9890
9890
9890
9889
9889
9887
9887
9887
9887
9885
9883
9883
9883
9881
9881
9879
9875
9875
9875
9874
9871
9870
9868
9868
9865
9865
9864
9864
9863
9862
9862
9860
9859
9858
9858
9857
9856
9855
9854
9853
9852
9849
9849
9848
9847
9846
9846
9846
9845
9844
9843
9842
9841
9840
9839
9839
9837
9837
9834
9834
9833
9833
9833
9832
9829
9826
9820
9819
9816
9815
9814
9814
9813
9813
9813
9812
9812
9809
9809
9808
9807
9804
9803
9801
9801
9801
9799
9799
9798
9796
9796
9793
9793
9792
9791
9789
9789
9789
9788
9787
9786
9784
9781
9780
9778
9778
9772
9771
9766
9766
9763
9762
9760
9760
9760
9758
9756
9756
9755
9755
9755
9754
9754
9753
9753
9753
9752
9752
9752
9752
9752
9750
9749
9747
9744
9743
9743
9742
9742
9741
9740
9740
9739
9738
9738
9737
9737
9736
9734
9733
9733
9732
9731
9731
9731
9728
9727
9727
9727
9725
9725
9724
9723
9722
9722
9720
9719
9716
9713
9712
9712
9709
9708
9706
9706
9700
9699
9699
9698
9697
9696
9695
9695
9694
9694
9694
9693
9692
9691
9691
9689
9686
9685
9685
9684
9684
9684
9682
9681
9681
9680
9679
9678
9677
9676
9676
9676
9675
9671
9671
9669
9667
9667
9664
9663
9662
9662
9662
9662
9661
9661
9660
9659
9658
9657
9657
9656
9654
9654
9653
9653
9652
9652
9650
9650
9650
9649
9646
9645
9645
9644
9644
9643
9643
9642
9640
9638
9638
9638
9637
9636
9635
9635
9632
9632
9632
9631
9629
9629
9627
9625
9623
9621
9621
9621
9619
9618
9618
9616
9611
9610
9609
9609
9608
9608
9606
9604
9604
9604
9602
9600
9600
9598
9597
9597
9596
9596
9595
9594
9593
9593
9592
9591
9591
9590
9589
9589
9588
9587
9586
9586
9585
9585
9582
9579
9577
9577
9577
9575
9574
9574
9573
9573
9571
9570
9569
9568
9567
9566
9566
9565
9562
9562
9561
9558
9556
9554
9554
9552
9552
9551
9549
9549
9548
9546
9545
9545
9545
9545
9543
9543
9541
9541
9539
9538
9537
9537
9535
9532
9532
9531
9530
9530
9529
9527
9525
9525
9524
9523
9522
9520
9520
9519
9519
9519
9518
9515
9515
9511
9509
9506
9506
9503
9498
9497
9495
9495
9492
9491
9490
9490
9489
9489
9488
9487
9487
9487
9484
9483
9483
9483
9483
9480
9480
9479
9478
9476
9473
9473
9472
9471
9469
9468
9466
9464
9463
9462
9461
9459
9459
9458
9457
9455
9453
9447
9447
9446
9445
9444
9444
9443
9441
9441
9441
9439
9435
9434
9432
9429
9426
9426
9424
9421
9417
9417
9416
9415
9414
9413
9413
9412
9412
9412
9411
9411
9410
9409
9408
9408
9407
9405
9404
9404
9403
9403
9402
9399
9398
9397
9397
9396
9394
9394
9392
9392
9391
9391
9391
9390
9386
9386
9385
9385
9385
9382
9382
9382
9382
9381
9381
9380
9378
9378
9377
9377
9377
9377
9376
9374
9372
9371
9371
9371
9370
9369
9365
9364
9363
9362
9361
9360
9357
9357
9356
9356
9354
9353
9352
9350
9349
9348
9346
9346
9346
9345
9345
9341
9340
9340
9339
9339
9337
9336
9336
9335
9332
9328
9328
9327
9326
9325
9324
9321
9320
9320
9318
9318
9316
9316
9315
9314
9311
9309
9304
9303
9301
9301
9300
9300
9299
9298
9294
9292
9291
9290
9288
9284
9283
9282
9281
9279
9279
9279
9278
9278
9276
9276
9275
9270
9269
9268
9267
9266
9264
9261
9260
9259
9259
9257
9256
9250
9249
9247
9243
9242
9241
9241
9240
9240
9237
9234
9234
9233
9231
9230
9229
9226
9223
9223
9222
9221
9218
9217
9215
9215
9209
9206
9206
9204
9204
9203
9202
9197
9197
9197
9196
9195
9193
9192
9192
9187
9182
9181
9181
9180
9180
9179
9177
9177
9177
9176
9172
9172
9171
9171
9170
9170
9167
9165
9163
9163
9162
9162
9160
9160
9158
9157
9157
9156
9154
9154
9153
9153
9152
9152
9151
9149
9149
9149
9148
9147
9147
9146
9146
9146
9145
9144
9144
9142
9140
9138
9136
9135
9134
9134
9133
9132
9131
9130
9129
9129
9129
9128
9127
9127
9127
9125
9125
9124
9122
9122
9120
9120
9120
9120
9117
9117
9117
9116
9116
9114
9114
9113
9113
9113
9112
9112
9112
9109
9102
9101
9100
9100
9099
9098
9098
9096
9096
9095
9095
9095
9093
9093
9093
9091
9091
9090
9089
9089
9087
9087
9087
9086
9085
9084
9083
9081
9080
9079
9079
9077
9075
9075
9074
9073
9072
9068
9065
9065
9064
9064
9064
9060
9059
9055
9055
9054
9053
9053
9053
9051
9051
9048
9048
9046
9046
9046
9045
9042
9041
9041
9040
9040
9039
9037
9037
9036
9035
9031
9030
9030
9029
9029
9027
9023
9022
9022
9022
9021
9021
9021
9020
9020
9016
9016
9016
9015
9015
9013
9012
9012
9012
9012
9010
9009
9009
9008
9007
9007
9006
9006
9005
9004
9003
9003
9003
9001
9001
9000
8998
8997
8997
8997
8995
8994
8993
8992
8992
8992
8991
8990
8989
8989
8989
8987
8981
8977
8976
8976
8975
8975
8974
8974
8974
8973
8973
8970
8970
8968
8968
8967
8966
8966
8966
8965
8964
8963
8963
8962
8962
8962
8961
8960
8959
8958
8956
8956
8956
8953
8953
8952
8951
8950
8950
8948
8947
8947
8947
8947
8947
8945
8945
8944
8943
8943
8943
8942
8942
8942
8941
8941
8940
8936
8936
8936
8936
8935
8935
8935
8934
8933
8932
8930
8930
8929
8928
8927
8926
8924
8924
8922
8921
8919
8918
8918
8915
8914
8914
8913
8913
8913
8912
8911
8911
8911
8909
8908
8908
8908
8907
8906
8906
8905
8905
8905
8903
8902
8899
8898
8896
8895
8895
8894
8894
8893
8892
8892
8892
8892
8891
8891
8891
8890
8887
8885
8883
8882
8882
8879
8878
8877
8876
8876
8876
8876
8875
8874
8872
8872
8872
8871
8871
8871
8870
8869
8868
8866
8865
8862
8862
8861
8861
8859
8859
8858
8858
8858
8856
8855
8854
8854
8853
8853
8853
8852
8851
8849
8849
8847
8847
8846
8842
8839
8838
8838
8837
8837
8837
8836
8836
8833
8832
8832
8831
8830
8830
8829
8829
8826
8826
8826
8825
8824
8821
8821
8821
8820
8820
8819
8818
8816
8816
8816
8815
8814
8811
8811
8808
8808
8807
8805
8804
8804
8804
8804
8802
8802
8802
8799
8799
8799
8799
8799
8798
8798
8795
8794
8793
8792
8792
8790
8790
8789
8786
8785
8784
8784
8783
8783
8782
8780
8780
8779
8779
8779
8775
8773
8773
8771
8771
8770
8768
8768
8767
8764
8761
8757
8757
8757
8756
8755
8755
8752
8752
8751
8749
8748
8743
8742
8741
8740
8739
8738
8737
8736
8736
8736
8735
8735
8734
8734
8733
8731
8728
8727
8725
8723
8722
8722
8721
8721
8719
8719
8719
8719
8719
8718
8717
8716
8715
8715
8714
8712
8712
8711
8711
8711
8710
8710
8710
8709
8709
8709
8708
8706
8704
8703
8702
8702
8701
8701
8701
8700
8700
8699
8698
8698
8698
8697
8696
8694
8694
8694
8692
8691
8691
8691
8689
8689
8689
8688
8687
8687
8686
8685
8683
8683
8683
8681
8681
8678
8676
8673
8671
8671
8669
8669
8669
8666
8666
8665
8663
8659
8657
8657
8657
8652
8650
8649
8648
8648
8648
8645
8644
8644
8644
8643
8643
8642
8641
8639
8637
8636
8636
8636
8634
8633
8632
8631
8627
8626
8626
8625
8625
8625
8622
8622
8622
8619
8617
8614
8613
8612
8612
8611
8611
8610
8607
8606
8606
8605
8605
8604
8604
8603
8602
8602
8601
8600
8598
8596
8595
8594
8594
8593
8592
8591
8591
8588
8587
8586
8585
8584
8584
8584
8583
8583
8582
8578
8577
8577
8576
8573
8573
8570
8570
8569
8568
8568
8568
8566
8565
8565
8564
8564
8563
8559
8559
8558
8558
8557
8557
8557
8556
8556
8555
8555
8554
8552
8551
8550
8549
8546
8546
8546
8545
8544
8542
8539
8539
8539
8538
8538
8537
8536
8536
8535
8535
8533
8532
8529
8529
8528
8527
8527
8527
8527
8526
8526
8525
8522
8522
8520
8519
8517
8516
8515
8515
8514
8512
8512
8511
8511
8511
8508
8506
8505
8505
8505
8505
8505
8504
8503
8503
8503
8502
8501
8501
8499
8499
8499
8498
8496
8494
8491
8491
8488
8486
8486
8483
8481
8481
8481
8481
8481
8479
8478
8476
8476
8476
8475
8473
8470
8469
8469
8466
8466
8466
8465
8464
8463
8461
8461
8460
8459
8458
8457
8456
8455
8454
8453
8453
8452
8452
8451
8450
8449
8449
8447
8446
8443
8442
8442
8441
8440
8440
8440
8439
8439
8438
8438
8436
8436
8436
8436
8435
8434
8433
8432
8432
8431
8430
8429
8428
8426
8426
8426
8424
8424
8424
8423
8421
8420
8420
8419
8419
8419
8419
8417
8416
8414
8414
8413
8412
8412
8411
8410
8409
8407
8406
8406
8403
8402
8402
8401
8401
8401
8400
8400
8399
8399
8397
8396
8395
8395
8393
8392
8390
8389
8389
8389
8387
8386
8384
8377
8377
8376
8376
8375
8375
8372
8366
8366
8363
8362
8362
8362
8361
8361
8360
8359
8359
8357
8357
8357
8356
8356
8355
8352
8350
8349
8346
8344
8343
8343
8343
8343
8343
8342
8340
8339
8334
8333
8332
8332
8332
8330
8330
8329
8327
8326
8324
8324
8324
8324
8321
8321
8319
8318
8315
8314
8313
8313
8313
8312
8311
8308
8307
8306
8306
8304
8303
8303
8303
8302
8301
8301
8297
8296
8295
8294
8291
8290
8289
8288
8288
8287
8286
8283
8282
8280
8280
8279
8278
8278
8278
8276
8276
8276
8275
8274
8273
8273
8273
8273
8270
8268
8266
8263
8262
8262
8262
8261
8260
8259
8259
8257
8256
8255
8255
8255
8252
8252
8250
8248
8247
8246
8245
8245
8243
8240
8240
8240
8239
8239
8236
8234
8233
8230
8229
8228
8228
8227
8227
8226
8223
8222
8219
8217
8214
8213
8213
8213
8212
8212
8210
8210
8210
8208
8208
8208
8208
8208
8207
8207
8206
8206
8205
8204
8204
8202
8202
8201
8198
8197
8196
8196
8196
8194
8193
8190
8190
8188
8188
8186
8186
8185
8185
8184
8184
8183
8182
8182
8182
8181
8180
8179
8176
8175
8175
8174
8173
8171
8171
8167
8167
8165
8164
8163
8163
8161
8159
8159
8158
8158
8157
8157
8156
8155
8155
8154
8152
8152
8151
8151
8150
8148
8148
8147
8147
8145
8145
8145
8144
8142
8141
8140
8139
8138
8136
8135
8135
8135
8135
8134
8134
8134
8134
8132
8131
8130
8130
8127
8127
8127
8126
8125
8125
8125
8124
8123
8122
8122
8122
8120
8118
8117
8116
8115
8115
8115
8114
8113
8112
8111
8111
8106
8106
8105
8105
8105
8104
8104
8102
8102
8101
8101
8099
8097
8097
8096
8093
8093
8093
8093
8092
8091
8091
8091
8091
8091
8089
8088
8087
8086
8086
8084
8084
8083
8082
8078
8078
8078
8078
8077
8077
8076
8076
8076
8075
8075
8072
8071
8070
8063
8056
8056
8053
8052
8051
8050
8049
8048
8046
8046
8045
8045
8045
8043
8042
8042
8041
8040
8039
8038
8035
8034
8033
8031
8031
8030
8029
8029
8029
8029
8029
8027
8027
8027
8027
8024
8023
8023
8022
8018
8017
8017
8017
8016
8015
8015
8013
8013
8009
8009
8007
8006
8003
8003
8002
8002
8001
8001
7999
7999
7998
7998
7996
7994
7994
7993
7992
7990
7987
7987
7986
7984
7981
7980
7979
7979
7979
7976
7976
7975
7973
7973
7972
7972
7971
7969
7968
7967
7967
7966
7966
7966
7965
7965
7964
7964
7963
7961
7960
7959
7959
7959
7957
7955
7952
7951
7950
7948
7946
7944
7943
7942
7942
7942
7940
7940
7939
7938
7937
7936
7935
7935
7935
7935
7934
7931
7931
7931
7930
7930
7929
7928
7928
7928
7925
7925
7922
7921
7920
7920
7919
7918
7918
7917
7917
7915
7912
7911
7909
7908
7906
7904
7902
7902
7902
7902
7902
7901
7900
7899
7899
7898
7897
7894
7894
7892
7890
7888
7888
7885
7885
7885
7884
7883
7883
7882
7880
7879
7878
7877
7877
7876
7875
7874
7874
7873
7873
7872
7872
7871
7871
7869
7868
7866
7865
7863
7862
7862
7862
7862
7860
7860
7858
7858
7857
7856
7856
7852
7852
7850
7849
7849
7849
7849
7848
7845
7845
7842
7841
7841
7840
7840
7839
7836
7835
7835
7833
7832
7832
7831
7831
7831
7826
7826
7826
7825
7825
7824
7824
7824
7823
7823
7822
7820
7818
7815
7815
7813
7813
7812
7810
7809
7807
7807
7807
7806
7806
7805
7804
7804
7804
7801
7801
7801
7800
7800
7799
7798
7794
7794
7793
7793
7793
7793
7792
7791
7787
7786
7786
7786
7786
7786
7785
7785
7783
7780
7776
7775
7774
7772
7772
7771
7768
7768
7764
7763
7762
7761
7761
7761
7760
7760
7760
7759
7759
7759
7757
7753
7752
7752
7751
7751
7747
7746
7745
7744
7743
7742
7742
7740
7739
7739
7738
7738
7736
7734
7734
7734
7732
7732
7730
7729
7726
7726
7724
7724
7723
7722
7717
7717
7716
7715
7714
7714
7713
7713
7713
7712
7712
7712
7709
7708
7708
7707
7706
7705
7703
7703
7702
7702
7702
7702
7702
7700
7699
7697
7697
7697
7697
7695
7694
7694
7693
7692
7692
7690
7688
7687
7686
7684
7683
7682
7680
7680
7679
7678
7677
7675
7672
7672
7670
7666
7666
7666
7663
7663
7661
7661
7661
7661
7660
7658
7656
7655
7649
7648
7647
7647
7646
7644
7644
7644
7643
7643
7641
7641
7639
7638
7634
7634
7630
7627
7626
7623
7623
7623
7621
7619
7619
7618
7618
7613
7612
7612
7610
7610
7607
7606
7606
7605
7604
7604
7597
7596
7596
7594
7594
7594
7594
7592
7591
7590
7589
7589
7588
7587
7586
7583
7583
7581
7577
7577
7576
7576
7575
7575
7575
7574
7573
7572
7571
7570
7570
7570
7570
7568
7568
7566
7563
7562
7562
7562
7562
7561
7561
7559
7558
7557
7557
7557
7556
7555
7555
7555
7554
7554
7553
7550
7549
7549
7545
7544
7543
7543
7540
7536
7536
7532
7532
7531
7529
7529
7528
7527
7526
7525
7525
7524
7523
7523
7523
7523
7522
7521
7520
7520
7518
7517
7516
7515
7514
7513
7512
7512
7512
7510
7510
7510
7509
7508
7507
7507
7504
7504
7504
7504
7503
7503
7502
7501
7500
7498
7497
7496
7495
7494
7493
7493
7493
7492
7491
7491
7491
7488
7488
7484
7483
7482
7480
7478
7475
7475
7475
7475
7474
7474
7473
7472
7471
7471
7470
7468
7467
7467
7467
7466
7466
7465
7465
7463
7463
7461
7460
7459
7458
7456
7454
7450
7450
7449
7448
7446
7445
7444
7444
7444
7443
7443
7442
7442
7442
7441
7438
7438
7438
7438
7433
7433
7432
7430
7429
7429
7429
7427
7427
7427
7427
7426
7425
7424
7424
7424
7420
7420
7419
7419
7418
7417
7416
7416
7415
7412
7412
7412
7411
7410
7409
7409
7406
7406
7402
7399
7398
7395
7395
7394
7394
7392
7392
7391
7390
7389
7389
7387
7386
7386
7385
7383
7383
7382
7381
7381
7377
7375
7375
7374
7374
7371
7370
7369
7369
7368
7367
7365
7364
7361
7361
7360
7359
7359
7359
7357
7357
7356
7356
7356
7355
7354
7354
7354
7354
7352
7352
7351
7350
7349
7348
7345
7344
7344
7343
7343
7340
7340
7340
7339
7339
7338
7338
7338
7338
7337
7335
7335
7335
7334
7331
7330
7329
7329
7328
7327
7327
7326
7325
7325
7324
7324
7320
7320
7319
7319
7318
7316
7316
7315
7315
7315
7313
7312
7312
7311
7311
7311
7310
7308
7307
7307
7306
7304
7301
7299
7297
7293
7292
7291
7291
7290
7290
7290
7289
7289
7289
7287
7286
7286
7282
7280
7280
7279
7279
7279
7278
7277
7275
7275
7275
7274
7274
7273
7272
7271
7271
7271
7268
7265
7264
7263
7262
7260
7258
7255
7255
7253
7253
7253
7252
7251
7251
7250
7249
7248
7247
7242
7241
7241
7241
7239
7238
7237
7235
7234
7231
7230
7229
7227
7226
7225
7225
7224
7223
7222
7221
7220
7219
7215
7214
7213
7211
7211
7209
7208
7208
7203
7200
7200
7199
7196
7195
7194
7190
7190
7190
7189
7186
7184
7184
7184
7184
7183
7181
7180
7179
7178
7177
7177
7177
7174
7174
7174
7172
7172
7171
7170
7170
7168
7166
7166
7166
7165
7164
7163
7163
7163
7159
7158
7156
7154
7153
7153
7152
7151
7151
7150
7150
7148
7147
7147
7145
7145
7144
7141
7139
7138
7138
7137
7137
7137
7136
7136
7130
7128
7128
7127
7127
7126
7126
7125
7125
7123
7122
7121
7121
7120
7119
7119
7119
7118
7117
7117
7117
7116
7115
7113
7113
7112
7112
7111
7109
7109
7108
7108
7108
7108
7108
7108
7107
7106
7106
7105
7099
7097
7096
7094
7094
7092
7091
7090
7087
7086
7086
7086
7085
7085
7083
7082
7082
7081
7080
7080
7079
7078
7076
7076
7073
7072
7071
7071
7069
7068
7068
7067
7067
7067
7066
7064
7064
7064
7060
7060
7060
7059
7059
7058
7057
7056
7055
7054
7053
7051
7048
7046
7046
7044
7043
7043
7040
7040
7039
7037
7036
7035
7034
7034
7034
7033
7032
7032
7031
7031
7030
7029
7028
7028
7027
7026
7025
7024
7023
7022
7021
7021
7018
7018
7017
7014
7012
7012
7012
7011
7010
7010
7008
7007
7005
7005
7001
7001
7001
7000
6999
6995
6994
6993
6991
6991
6988
6986
6983
6983
6982
6982
6980
6979
6977
6977
6976
6975
6975
6975
6973
6971
6970
6970
6969
6969
6968
6967
6967
6964
6961
6960
6960
6958
6958
6956
6954
6954
6952
6952
6951
6951
6951
6949
6949
6949
6949
6949
6948
6947
6947
6947
6946
6946
6945
6944
6944
6944
6944
6940
6939
6939
6939
6938
6936
6935
6934
6932
6931
6930
6930
6929
6928
6926
6926
6925
6925
6925
6924
6922
6921
6920
6919
6916
6915
6914
6914
6912
6911
6911
6911
6910
6910
6910
6909
6905
6905
6904
6902
6902
6902
6902
6899
6899
6898
6897
6896
6896
6895
6895
6895
6892
6891
6890
6889
6889
6888
6888
6888
6887
6883
6883
6880
6878
6878
6877
6876
6876
6875
6875
6874
6871
6870
6870
6869
6869
6868
6868
6867
6866
6866
6865
6865
6864
6863
6863
6862
6861
6860
6860
6859
6859
6858
6858
6857
6857
6856
6853
6852
6851
6851
6849
6848
6848
6848
6848
6845
6845
6845
6845
6845
6842
6842
6841
6841
6841
6840
6840
6837
6835
6832
6831
6831
6830
6830
6830
6829
6827
6825
6821
6819
6818
6817
6816
6816
6815
6815
6814
6814
6812
6812
6810
6809
6809
6808
6808
6806
6805
6803
6802
6801
6799
6799
6798
6797
6796
6795
6794
6793
6792
6790
6789
6789
6788
6786
6786
6784
6782
6782
6781
6780
6780
6780
6778
6777
6775
6775
6774
6772
6771
6771
6771
6769
6768
6767
6767
6767
6767
6764
6764
6763
6761
6761
6759
6759
6759
6759
6758
6757
6754
6753
6752
6751
6751
6750
6750
6749
6749
6748
6747
6747
6746
6745
6745
6744
6743
6742
6742
6741
6741
6739
6739
6739
6737
6737
6737
6737
6735
6734
6734
6733
6732
6732
6731
6730
6727
6727
6724
6723
6721
6720
6720
6720
6720
6718
6717
6716
6716
6715
6712
6712
6711
6711
6709
6709
6709
6708
6705
6705
6704
6704
6703
6702
6702
6702
6700
6699
6698
6697
6697
6696
6696
6695
6695
6694
6693
6692
6692
6692
6686
6684
6682
6681
6680
6680
6680
6680
6679
6678
6678
6678
6678
6677
6676
6675
6675
6674
6672
6672
6671
6670
6669
6668
6668
6667
6664
6663
6663
6663
6662
6662
6661
6661
6657
6657
6657
6657
6656
6653
6653
6650
6648
6648
6648
6647
6646
6645
6643
6643
6640
6639
6638
6638
6637
6636
6634
6632
6632
6632
6630
6630
6629
6629
6629
6628
6628
6626
6625
6622
6621
6620
6620
6619
6618
6618
6618
6618
6618
6617
6616
6615
6614
6613
6610
6609
6609
6609
6609
6608
6608
6607
6607
6607
6606
6604
6604
6604
6603
6602
6602
6599
6598
6598
6597
6596
6595
6594
6594
6594
6591
6590
6589
6588
6587
6586
6585
6585
6584
6584
6584
6582
6582
6580
6578
6578
6575
6575
6573
6573
6572
6572
6571
6570
6568
6567
6566
6565
6564
6563
6563
6562
6561
6561
6560
6558
6558
6558
6558
6557
6557
6554
6552
6551
6551
6550
6549
6547
6547
6546
6546
6544
6544
6543
6541
6539
6538
6536
6536
6535
6534
6534
6533
6533
6532
6531
6531
6531
6530
6529
6529
6529
6525
6525
6523
6522
6519
6518
6518
6517
6517
6516
6515
6512
6511
6511
6510
6509
6509
6508
6508
6507
6506
6505
6505
6504
6504
6503
6503
6503
6502
6502
6502
6501
6500
6499
6499
6496
6494
6493
6493
6492
6492
6490
6488
6486
6484
6484
6484
6482
6480
6480
6478
6478
6478
6477
6476
6475
6475
6475
6474
6474
6472
6472
6472
6470
6470
6470
6469
6468
6467
6467
6467
6466
6466
6466
6464
6464
6463
6459
6459
6456
6455
6455
6454
6453
6452
6451
6451
6450
6450
6449
6449
6448
6447
6446
6446
6445
6445
6443
6442
6442
6441
6441
6441
6439
6439
6439
6439
6436
6436
6435
6434
6434
6434
6433
6432
6431
6431
6428
6424
6420
6416
6416
6416
6416
6415
6415
6414
6413
6413
6412
6411
6410
6409
6408
6406
6404
6403
6403
6402
6401
6401
6401
6401
6401
6400
6400
6400
6398
6396
6395
6394
6393
6392
6388
6388
6388
6387
6385
6385
6384
6384
6384
6379
6377
6374
6372
6372
6371
6371
6368
6368
6367
6367
6365
6365
6365
6365
6365
6364
6363
6362
6362
6362
6362
6360
6357
6355
6354
6354
6351
6349
6348
6347
6346
6346
6345
6343
6342
6341
6341
6340
6337
6336
6336
6335
6334
6334
6333
6332
6331
6331
6331
6331
6330
6329
6327
6326
6326
6324
6323
6322
6322
6321
6320
6320
6318
6315
6314
6314
6311
6311
6311
6309
6308
6306
6306
6304
6303
6303
6302
6302
6302
6301
6300
6297
6296
6295
6295
6294
6293
6293
6293
6293
6292
6291
6288
6286
6284
6284
6284
6283
6280
6280
6279
6278
6278
6278
6276
6274
6267
6266
6265
6265
6265
6264
6263
6262
6262
6261
6260
6260
6260
6259
6259
6258
6258
6256
6254
6254
6253
6251
6249
6247
6245
6244
6244
6243
6243
6242
6240
6240
6240
6238
6237
6236
6235
6234
6234
6233
6232
6232
6232
6231
6230
6230
6229
6228
6227
6227
6226
6225
6225
6224
6220
6219
6217
6215
6214
6213
6213
6212
6212
6212
6210
6210
6208
6203
6203
6201
6200
6200
6199
6199
6197
6196
6194
6190
6189
6189
6189
6186
6186
6185
6184
6183
6182
6179
6177
6175
6174
6172
6172
6171
6171
6171
6170
6169
6169
6167
6166
6166
6165
6164
6163
6163
6162
6162
6160
6160
6159
6158
6157
6156
6156
6156
6155
6154
6152
6152
6150
6149
6149
6147
6146
6145
6143
6142
6141
6141
6140
6139
6137
6137
6131
6131
6131
6131
6129
6129
6128
6123
6123
6122
6122
6121
6121
6121
6120
6117
6116
6116
6116
6115
6113
6110
6109
6109
6109
6107
6103
6101
6101
6099
6099
6098
6097
6096
6095
6094
6093
6092
6092
6091
6088
6087
6087
6085
6085
6084
6084
6082
6080
6080
6079
6078
6078
6077
6076
6076
6075
6075
6070
6066
6066
6064
6064
6063
6063
6062
6062
6057
6049
6048
6047
6041
6040
6040
6039
6037
6037
6036
6036
6035
6034
6031
6030
6029
6027
6027
6027
6027
6025
6024
6024
6024
6023
6023
6023
6021
6020
6020
6018
6018
6017
6016
6014
6014
6013
6013
6012
6011
6010
6010
6008
6008
6006
6005
6004
6001
6001
6001
6000
6000
5999
5999
5999
5998
5998
5995
5994
5994
5991
5991
5991
5990
5988
5987
5987
5985
5983
5982
5982
5982
5982
5980
5978
5978
5977
5975
5974
5974
5971
5971
5971
5970
5969
5969
5968
5967
5966
5966
5966
5965
5963
5962
5962
5961
5958
5958
5957
5954
5953
5953
5951
5950
5950
5950
5948
5948
5946
5946
5946
5946
5945
5945
5944
5941
5941
5938
5938
5937
5935
5935
5935
5932
5930
5929
5929
5927
5927
5926
5926
5926
5924
5924
5923
5923
5922
5922
5918
5918
5918
5917
5916
5914
5914
5912
5912
5911
5911
5910
5909
5908
5908
5906
5906
5906
5905
5904
5904
5903
5903
5902
5901
5901
5896
5896
5895
5895
5895
5895
5894
5893
5892
5891
5891
5890
5887
5887
5886
5883
5883
5881
5879
5879
5879
5877
5877
5877
5876
5874
5873
5873
5873
5870
5869
5868
5867
5867
5866
5866
5864
5864
5864
5864
5864
5863
5863
5863
5862
5862
5860
5860
5859
5859
5858
5857
5857
5857
5856
5855
5849
5849
5849
5848
5848
5847
5847
5846
5845
5844
5843
5841
5841
5841
5841
5839
5837
5835
5835
5834
5833
5833
5831
5827
5826
5826
5824
5824
5823
5822
5821
5820
5819
5818
5818
5816
5816
5815
5813
5812
5811
5810
5807
5806
5806
5804
5803
5803
5802
5801
5798
5797
5797
5796
5796
5794
5794
5792
5790
5787
5785
5785
5784
5784
5783
5783
5782
5780
5780
5776
5775
5774
5774
5774
5773
5771
5771
5770
5769
5769
5769
5768
5766
5765
5765
5765
5761
5761
5761
5761
5760
5759
5759
5758
5758
5758
5756
5753
5752
5752
5750
5749
5748
5747
5746
5745
5742
5740
5739
5738
5738
5738
5737
5734
5733
5728
5728
5727
5726
5725
5724
5723
5723
5723
5723
5722
5722
5722
5721
5721
5720
5720
5720
5719
5719
5716
5715
5715
5715
5715
5715
5715
5714
5714
5712
5712
5706
5705
5704
5702
5702
5702
5699
5697
5697
5696
5696
5696
5690
5689
5689
5688
5688
5687
5686
5685
5684
5684
5683
5683
5683
5682
5680
5680
5679
5679
5678
5677
5677
5674
5674
5674
5673
5673
5671
5671
5670
5670
5669
5667
5667
5667
5666
5666
5665
5665
5665
5664
5663
5662
5660
5659
5659
5657
5657
5655
5655
5655
5649
5648
5648
5645
5643
5643
5643
5643
5642
5642
5642
5640
5640
5638
5638
5638
5637
5637
5637
5637
5636
5635
5635
5634
5634
5634
5630
5629
5627
5627
5626
5626
5624
5623
5621
5618
5617
5615
5615
5615
5615
5611
5611
5610
5609
5608
5607
5605
5605
5604
5603
5601
5600
5598
5595
5594
5593
5591
5590
5587
5586
5586
5586
5585
5585
5584
5584
5582
5582
5581
5581
5580
5580
5576
5574
5574
5571
5569
5569
5569
5566
5565
5565
5564
5563
5562
5561
5561
5560
5560
5559
5558
5556
5556
5554
5553
5552
5552
5552
5549
5549
5549
5547
5547
5546
5545
5544
5544
5541
5540
5539
5538
5537
5536
5536
5535
5535
5533
5532
5532
5532
5529
5529
5528
5527
5527
5526
5526
5524
5524
5522
5520
5520
5519
5518
5517
5515
5514
5514
5512
5512
5508
5507
5505
5505
5504
5503
5502
5501
5501
5501
5498
5498
5497
5497
5496
5495
5495
5493
5493
5491
5488
5487
5484
5484
5484
5484
5482
5481
5481
5480
5477
5477
5475
5474
5473
5473
5472
5471
5470
5468
5467
5467
5466
5466
5464
5464
5459
5457
5456
5455
5455
5454
5453
5452
5452
5452
5450
5449
5449
5446
5444
5444
5444
5444
5443
5443
5442
5442
5440
5440
5440
5440
5439
5439
5436
5436
5436
5435
5435
5435
5433
5431
5429
5428
5424
5423
5421
5420
5419
5417
5415
5415
5415
5414
5412
5412
5412
5409
5409
5407
5407
5405
5404
5403
5401
5401
5399
5398
5397
5395
5395
5395
5395
5394
5393
5393
5393
5393
5393
5389
5388
5387
5386
5385
5384
5382
5381
5380
5380
5379
5377
5377
5376
5376
5375
5375
5374
5373
5372
5372
5372
5372
5370
5369
5368
5368
5367
5367
5366
5365
5365
5364
5364
5361
5360
5360
5360
5359
5358
5357
5356
5354
5354
5353
5352
5351
5351
5349
5347
5346
5346
5345
5344
5344
5343
5342
5342
5338
5337
5335
5334
5334
5334
5332
5331
5330
5329
5329
5328
5327
5327
5327
5325
5324
5324
5324
5324
5323
5322
5322
5321
5320
5319
5318
5316
5316
5316
5315
5315
5313
5313
5313
5312
5310
5310
5309
5309
5307
5305
5305
5302
5302
5299
5299
5298
5297
5297
5295
5294
5293
5291
5288
5284
5284
5283
5282
5282
5282
5281
5280
5276
5276
5276
5276
5275
5275
5274
5273
5272
5271
5271
5270
5270
5269
5269
5268
5268
5267
5266
5263
5263
5262
5262
5260
5259
5258
5257
5256
5253
5252
5252
5251
5250
5248
5248
5247
5246
5245
5243
5243
5243
5239
5238
5238
5235
5235
5235
5234
5234
5231
5231
5230
5228
5228
5228
5226
5226
5226
5224
5224
5222
5222
5222
5222
5219
5217
5216
5216
5216
5216
5215
5214
5213
5212
5211
5207
5203
5203
5203
5203
5202
5201
5201
5201
5201
5200
5200
5197
5197
5197
5195
5195
5194
5193
5193
5192
5191
5191
5190
5189
5189
5189
5189
5188
5188
5186
5186
5186
5186
5185
5184
5182
5182
5182
5181
5181
5180
5180
5180
5175
5173
5172
5172
5171
5170
5170
5167
5166
5166
5163
5163
5162
5162
5159
5157
5156
5156
5155
5155
5154
5154
5153
5151
5151
5150
5150
5149
5149
5149
5148
5147
5146
5145
5145
5144
5144
5143
5142
5142
5142
5141
5140
5140
5139
5138
5137
5134
5130
5130
5130
5130
5130
5128
5128
5128
5125
5125
5124
5123
5123
5122
5120
5118
5115
5115
5114
5113
5110
5109
5106
5106
5106
5103
5101
5101
5100
5099
5098
5098
5097
5095
5095
5094
5092
5092
5092
5090
5090
5088
5088
5088
5085
5085
5084
5080
5078
5078
5075
5075
5075
5074
5072
5070
5068
5063
5062
5058
5058
5058
5057
5055
5054
5053
5053
5052
5052
5052
5051
5051
5050
5049
5049
5048
5048
5046
5045
5043
5043
5042
5042
5041
5041
5040
5040
5038
5037
5035
5035
5034
5032
5032
5031
5031
5030
5030
5029
5029
5029
5028
5025
5025
5024
5024
5024
5022
5022
5021
5019
5018
5018
5017
5016
5016
5013
5012
5010
5010
5009
5009
5007
5007
5005
5004
5003
5003
5001
5000
4999
4997
4993
4993
4992
4991
4991
4990
4988
4984
4984
4981
4980
4980
4977
4976
4975
4971
4969
4966
4966
4966
4964
4964
4963
4963
4963
4961
4960
4958
4958
4958
4956
4955
4955
4953
4951
4951
4950
4949
4948
4947
4947
4947
4947
4946
4941
4941
4940
4937
4937
4937
4936
4936
4935
4935
4934
4934
4931
4931
4930
4927
4927
4927
4927
4926
4925
4923
4922
4922
4919
4919
4918
4916
4916
4916
4915
4915
4914
4914
4913
4912
4911
4911
4909
4906
4903
4903
4902
4902
4900
4900
4900
4898
4897
4897
4893
4892
4892
4891
4890
4888
4887
4887
4886
4885
4884
4884
4881
4880
4876
4876
4875
4875
4874
4874
4872
4872
4870
4868
4867
4867
4867
4866
4865
4861
4861
4860
4858
4858
4857
4857
4856
4855
4855
4854
4853
4853
4853
4851
4849
4848
4846
4845
4843
4842
4842
4842
4841
4841
4840
4840
4839
4837
4836
4836
4835
4835
4834
4834
4833
4833
4830
4829
4829
4828
4827
4827
4826
4826
4825
4824
4824
4823
4821
4820
4820
4819
4818
4815
4814
4813
4813
4813
4813
4813
4810
4810
4810
4810
4808
4807
4805
4803
4803
4802
4802
4801
4800
4799
4796
4796
4795
4795
4790
4788
4788
4788
4788
4788
4787
4786
4786
4786
4786
4785
4785
4785
4784
4782
4782
4782
4780
4778
4776
4776
4776
4776
4775
4775
4773
4772
4771
4768
4768
4764
4762
4761
4758
4757
4757
4755
4755
4750
4750
4748
4741
4741
4740
4740
4740
4739
4738
4738
4737
4737
4736
4735
4735
4735
4734
4732
4730
4730
4729
4727
4726
4719
4717
4717
4716
4715
4714
4713
4712
4712
4711
4711
4710
4710
4710
4707
4706
4704
4703
4702
4701
4701
4701
4700
4700
4699
4697
4697
4697
4697
4695
4693
4693
4691
4690
4690
4690
4687
4686
4685
4683
4682
4682
4682
4681
4678
4678
4678
4678
4677
4676
4676
4676
4676
4676
4672
4671
4670
4670
4669
4666
4665
4664
4662
4661
4659
4659
4659
4659
4658
4654
4653
4653
4653
4651
4649
4649
4648
4647
4645
4644
4642
4642
4641
4639
4639
4638
4633
4632
4631
4628
4626
4625
4625
4624
4624
4624
4621
4619
4619
4619
4618
4615
4615
4615
4614
4614
4613
4612
4612
4611
4610
4609
4609
4609
4608
4608
4604
4600
4600
4598
4596
4596
4595
4592
4590
4590
4586
4586
4585
4584
4583
4582
4582
4581
4580
4579
4576
4575
4573
4573
4572
4569
4569
4566
4565
4565
4564
4559
4559
4558
4557
4557
4556
4555
4554
4552
4549
4549
4549
4548
4548
4547
4547
4543
4541
4541
4540
4539
4538
4537
4535
4535
4535
4534
4533
4532
4532
4531
4530
4530
4528
4528
4526
4525
4522
4522
4520
4519
4517
4517
4517
4515
4515
4513
4510
4508
4507
4507
4507
4505
4504
4503
4503
4501
4500
4500
4499
4498
4498
4497
4497
4496
4496
4495
4492
4492
4492
4491
4491
4486
4485
4485
4485
4485
4482
4481
4480
4475
4474
4473
4472
4471
4469
4469
4469
4468
4467
4467
4466
4465
4465
4465
4465
4464
4463
4462
4461
4459
4459
4459
4458
4457
4456
4456
4454
4453
4452
4452
4449
4448
4448
4447
4445
4445
4445
4442
4442
4442
4441
4440
4440
4439
4437
4437
4437
4434
4433
4432
4432
4431
4430
4429
4429
4429
4428
4428
4427
4427
4427
4427
4426
4426
4426
4426
4425
4425
4425
4424
4423
4420
4419
4417
4416
4415
4415
4415
4413
4412
4409
4409
4407
4406
4405
4404
4404
4402
4402
4402
4402
4400
4400
4397
4396
4396
4396
4396
4393
4393
4393
4392
4391
4389
4388
4388
4387
4385
4384
4382
4382
4382
4379
4378
4378
4374
4373
4369
4368
4366
4365
4365
4363
4361
4360
4359
4359
4356
4356
4354
4353
4353
4352
4351
4348
4347
4346
4345
4345
4345
4344
4342
4342
4341
4335
4334
4333
4333
4333
4331
4329
4328
4328
4328
4326
4326
4324
4322
4320
4320
4320
4320
4319
4318
4317
4316
4316
4313
4312
4312
4309
4308
4308
4308
4308
4306
4305
4304
4303
4303
4302
4302
4301
4297
4296
4296
4296
4296
4292
4287
4287
4285
4284
4282
4281
4281
4278
4278
4276
4275
4275
4275
4273
4273
4271
4271
4271
4270
4269
4269
4266
4265
4265
4264
4264
4263
4263
4263
4263
4262
4261
4260
4260
4259
4258
4257
4257
4255
4253
4252
4250
4249
4249
4247
4247
4246
4245
4245
4244
4244
4244
4243
4241
4239
4234
4234
4232
4232
4231
4231
4230
4230
4230
4230
4229
4228
4227
4224
4221
4220
4219
4219
4214
4214
4211
4211
4211
4210
4207
4205
4204
4204
4202
4199
4198
4198
4198
4197
4197
4196
4196
4195
4192
4190
4189
4188
4188
4187
4186
4185
4185
4182
4182
4182
4179
4178
4177
4174
4174
4174
4173
4173
4173
4172
4171
4170
4168
4166
4166
4164
4164
4161
4157
4154
4153
4152
4152
4152
4150
4150
4150
4148
4148
4146
4145
4145
4142
4142
4141
4140
4139
4139
4137
4137
4137
4136
4134
4133
4132
4131
4130
4130
4128
4128
4128
4127
4127
4125
4125
4125
4123
4123
4123
4121
4120
4120
4117
4112
4112
4111
4109
4109
4106
4105
4105
4103
4103
4100
4100
4099
4098
4098
4098
4097
4097
4096
4095
4093
4092
4091
4089
4089
4088
4088
4087
4086
4084
4084
4082
4082
4079
4079
4075
4074
4071
4070
4070
4070
4069
4068
4066
4065
4065
4065
4064
4064
4063
4063
4063
4063
4062
4060
4059
4058
4056
4056
4056
4054
4054
4053
4053
4053
4051
4050
4050
4050
4049
4049
4046
4045
4045
4044
4042
4041
4039
4039
4038
4037
4035
4035
4033
4032
4030
4030
4029
4029
4028
4027
4026
4024
4024
4023
4023
4022
4021
4020
4020
4018
4018
4017
4016
4016
4015
4014
4013
4013
4012
4011
4010
4008
4007
4007
4006
4003
4001
3998
3998
3995
3995
3993
3993
3992
3991
3990
3989
3988
3988
3987
3985
3985
3984
3982
3982
3980
3980
3979
3977
3977
3975
3974
3973
3972
3972
3972
3971
3970
3970
3969
3969
3966
3966
3965
3963
3963
3959
3959
3958
3956
3956
3955
3955
3954
3954
3954
3954
3952
3951
3947
3946
3944
3943
3942
3942
3941
3941
3939
3939
3939
3938
3937
3936
3933
3932
3931
3931
3930
3930
3930
3930
3928
3927
3927
3925
3923
3923
3922
3922
3922
3921
3921
3920
3920
3916
3916
3914
3913
3911
3909
3907
3906
3906
3906
3905
3904
3903
3902
3902
3899
3899
3892
3892
3892
3891
3890
3890
3886
3885
3885
3884
3884
3884
3881
3881
3880
3880
3880
3878
3877
3877
3876
3876
3875
3875
3874
3872
3872
3872
3871
3871
3871
3870
3869
3868
3867
3867
3867
3866
3864
3864
3863
3862
3862
3861
3861
3860
3859
3858
3857
3856
3855
3854
3853
3851
3851
3851
3849
3848
3845
3842
3841
3837
3836
3828
3823
3823
3823
3823
3821
3820
3819
3819
3819
3819
3818
3818
3815
3815
3813
3812
3812
3812
3811
3811
3809
3809
3806
3805
3805
3803
3803
3802
3802
3801
3800
3800
3800
3799
3798
3796
3796
3793
3792
3790
3789
3788
3787
3787
3786
3786
3785
3785
3783
3782
3781
3781
3780
3777
3777
3776
3776
3775
3775
3774
3773
3772
3769
3769
3769
3769
3768
3767
3767
3766
3765
3764
3764
3764
3762
3762
3761
3761
3760
3760
3759
3759
3758
3754
3754
3754
3751
3750
3749
3749
3749
3748
3747
3746
3746
3742
3742
3740
3739
3738
3733
3731
3731
3730
3729
3727
3726
3726
3725
3725
3724
3722
3719
3719
3718
3717
3717
3713
3712
3712
3712
3709
3709
3709
3707
3706
3706
3701
3700
3700
3696
3696
3694
3693
3691
3690
3689
3688
3687
3686
3685
3684
3683
3681
3680
3680
3673
3673
3672
3669
3666
3664
3663
3660
3660
3659
3658
3655
3654
3649
3648
3645
3644
3643
3642
3642
3641
3640
3639
3639
3638
3637
3637
3637
3636
3635
3635
3631
3631
3629
3627
3626
3625
3625
3624
3624
3624
3624
3623
3622
3620
3619
3616
3615
3615
3611
3611
3609
3609
3608
3606
3606
3606
3604
3603
3603
3601
3600
3599
3598
3597
3597
3597
3596
3596
3596
3594
3594
3594
3593
3593
3588
3588
3586
3586
3585
3584
3584
3582
3582
3581
3580
3580
3579
3579
3579
3578
3576
3574
3574
3573
3573
3572
3572
3572
3570
3570
3569
3568
3568
3567
3565
3565
3564
3563
3562
3561
3561
3561
3561
3561
3561
3560
3559
3559
3558
3558
3557
3555
3552
3552
3552
3550
3550
3549
3547
3545
3545
3545
3545
3544
3542
3540
3539
3538
3537
3536
3533
3532
3532
3531
3530
3527
3527
3526
3524
3523
3522
3519
3517
3517
3517
3515
3515
3514
3514
3514
3513
3510
3509
3509
3504
3503
3502
3502
3501
3499
3498
3498
3497
3492
3491
3491
3490
3489
3487
3487
3487
3485
3483
3482
3481
3481
3479
3478
3478
3477
3475
3475
3474
3474
3473
3473
3472
3470
3469
3467
3467
3466
3465
3465
3464
3464
3463
3462
3460
3460
3459
3458
3458
3458
3456
3456
3453
3453
3452
3452
3451
3450
3448
3448
3448
3446
3446
3445
3444
3443
3442
3440
3439
3439
3438
3436
3436
3435
3435
3435
3433
3432
3431
3429
3429
3428
3427
3427
3425
3424
3424
3424
3423
3422
3421
3420
3419
3417
3416
3415
3415
3414
3412
3409
3409
3408
3407
3406
3406
3406
3406
3405
3405
3405
3403
3400
3399
3399
3395
3395
3394
3394
3392
3390
3390
3390
3389
3388
3387
3385
3382
3381
3380
3379
3379
3376
3376
3375
3375
3373
3373
3371
3371
3369
3369
3368
3367
3366
3364
3364
3362
3362
3362
3360
3356
3355
3354
3354
3354
3353
3353
3351
3350
3345
3345
3343
3341
3340
3339
3336
3335
3334
3333
3332
3332
3331
3330
3326
3326
3325
3324
3324
3321
3320
3317
3316
3314
3313
3312
3311
3311
3309
3308
3308
3308
3305
3302
3302
3301
3300
3299
3298
3296
3292
3290
3289
3287
3286
3286
3284
3284
3282
3281
3280
3279
3278
3277
3277
3276
3274
3274
3269
3269
3268
3268
3265
3263
3263
3261
3261
3257
3256
3254
3254
3253
3252
3251
3251
3249
3246
3244
3241
3241
3240
3240
3239
3238
3238
3238
3237
3236
3236
3235
3235
3234
3233
3233
3233
3232
3230
3230
3228
3227
3225
3225
3224
3223
3222
3221
3219
3217
3214
3214
3214
3210
3205
3205
3204
3203
3202
3201
3200
3199
3196
3196
3190
3187
3186
3186
3186
3185
3184
3184
3184
3183
3183
3181
3179
3179
3178
3178
3175
3174
3171
3169
3169
3168
3167
3163
3163
3162
3160
3159
3158
3155
3154
3152
3152
3151
3150
3150
3150
3149
3148
3148
3146
3146
3145
3144
3144
3143
3143
3141
3140
3140
3136
3135
3135
3135
3134
3133
3133
3133
3132
3131
3131
3129
3127
3127
3126
3126
3126
3126
3125
3125
3123
3122
3121
3120
3118
3118
3116
3116
3115
3113
3113
3112
3111
3111
3110
3110
3107
3106
3106
3105
3105
3100
3099
3098
3098
3096
3090
3088
3088
3088
3086
3086
3084
3083
3083
3082
3082
3082
3080
3079
3079
3078
3077
3076
3075
3075
3074
3074
3072
3070
3068
3068
3067
3066
3066
3062
3060
3060
3059
3056
3056
3055
3055
3054
3053
3052
3051
3049
3048
3042
3041
3041
3041
3039
3039
3036
3035
3034
3034
3031
3031
3031
3029
3029
3028
3027
3026
3026
3024
3023
3022
3022
3021
3021
3021
3020
3019
3018
3018
3017
3016
3016
3013
3013
3011
3009
3007
3007
3007
3005
3005
3005
3004
3003
3002
3000
2999
2996
2996
2994
2993
2993
2992
2991
2991
2991
2990
2988
2988
2984
2984
2983
2983
2983
2982
2982
2979
2978
2977
2976
2976
2974
2973
2969
2969
2968
2965
2963
2963
2962
2961
2961
2960
2960
2956
2956
2956
2955
2954
2954
2954
2954
2950
2950
2949
2947
2946
2944
2944
2943
2943
2943
2942
2941
2940
2939
2939
2938
2936
2936
2936
2935
2933
2932
2932
2930
2928
2928
2926
2925
2925
2924
2923
2922
2920
2920
2919
2918
2916
2916
2915
2915
2915
2914
2914
2914
2913
2913
2912
2912
2911
2911
2905
2905
2904
2903
2903
2902
2902
2902
2901
2898
2897
2897
2896
2895
2894
2893
2891
2891
2891
2891
2889
2889
2884
2883
2880
2880
2879
2878
2877
2876
2874
2874
2873
2871
2871
2871
2867
2867
2867
2866
2865
2862
2861
2861
2860
2859
2859
2856
2855
2855
2854
2854
2853
2853
2852
2851
2850
2849
2848
2848
2846
2846
2845
2844
2843
2842
2842
2842
2841
2841
2841
2840
2839
2839
2839
2837
2837
2836
2836
2835
2835
2833
2833
2832
2831
2830
2830
2830
2829
2829
2829
2827
2825
2824
2824
2823
2822
2822
2822
2822
2822
2820
2820
2820
2817
2817
2817
2817
2816
2815
2815
2812
2812
2809
2808
2807
2806
2805
2803
2803
2802
2802
2797
2795
2794
2793
2793
2792
2792
2792
2791
2791
2789
2788
2788
2786
2784
2784
2781
2781
2781
2780
2779
2779
2778
2777
2777
2777
2777
2776
2776
2776
2776
2774
2772
2771
2768
2768
2766
2762
2762
2762
2761
2761
2759
2759
2759
2759
2758
2757
2756
2756
2753
2751
2750
2748
2748
2748
2748
2747
2747
2747
2747
2747
2746
2746
2742
2741
2740
2738
2737
2737
2736
2736
2735
2732
2731
2731
2731
2730
2730
2730
2728
2727
2724
2724
2723
2722
2722
2722
2719
2713
2713
2712
2712
2711
2709
2708
2707
2707
2705
2705
2704
2703
2699
2698
2698
2697
2697
2696
2695
2693
2691
2691
2690
2690
2689
2688
2687
2685
2685
2685
2684
2682
2681
2680
2680
2679
2679
2676
2675
2675
2674
2673
2672
2671
2671
2670
2670
2670
2670
2669
2669
2666
2666
2666
2665
2664
2663
2660
2659
2658
2658
2657
2657
2657
2656
2654
2654
2653
2653
2652
2651
2650
2650
2649
2648
2647
2646
2645
2642
2641
2641
2640
2640
2639
2638
2638
2637
2637
2637
2637
2635
2635
2634
2633
2632
2631
2631
2631
2630
2630
2630
2629
2628
2628
2627
2626
2626
2626
2626
2624
2624
2624
2622
2620
2619
2617
2616
2616
2615
2615
2614
2614
2613
2611
2610
2609
2607
2606
2604
2603
2602
2600
2598
2596
2594
2593
2586
2583
2582
2581
2580
2579
2579
2579
2576
2576
2575
2575
2571
2567
2566
2566
2565
2564
2564
2563
2561
2560
2559
2557
2556
2555
2555
2552
2551
2547
2547
2547
2547
2546
2546
2544
2542
2537
2535
2534
2532
2532
2530
2530
2528
2526
2524
2522
2522
2521
2520
2520
2517
2516
2515
2515
2513
2512
2511
2510
2509
2509
2509
2508
2507
2506
2505
2504
2504
2502
2497
2496
2495
2493
2488
2488
2485
2484
2483
2481
2480
2480
2479
2478
2476
2475
2473
2472
2472
2472
2470
2465
2465
2464
2464
2463
2463
2463
2460
2460
2460
2459
2458
2458
2457
2457
2457
2456
2455
2454
2454
2454
2453
2452
2451
2451
2447
2445
2441
2441
2438
2436
2436
2435
2433
2431
2431
2431
2431
2429
2428
2428
2428
2428
2426
2425
2423
2421
2417
2415
2412
2412
2411
2411
2410
2408
2407
2406
2405
2405
2402
2402
2402
2402
2401
2400
2400
2400
2400
2399
2399
2398
2397
2397
2396
2395
2393
2392
2391
2391
2390
2389
2389
2389
2388
2388
2383
2382
2380
2379
2378
2377
2377
2376
2376
2374
2373
2373
2371
2371
2371
2369
2368
2368
2368
2367
2366
2365
2365
2364
2363
2362
2360
2360
2359
2358
2357
2356
2355
2354
2353
2352
2350
2349
2348
2347
2347
2345
2344
2343
2343
2342
2342
2341
2341
2340
2339
2339
2338
2337
2336
2336
2335
2334
2334
2333
2333
2332
2331
2330
2327
2327
2323
2322
2322
2320
2320
2319
2318
2317
2317
2316
2316
2315
2315
2313
2313
2313
2311
2311
2311
2311
2309
2309
2309
2308
2307
2307
2305
2305
2304
2303
2303
2302
2302
2299
2297
2296
2293
2293
2293
2292
2291
2288
2288
2284
2283
2283
2283
2280
2280
2279
2279
2278
2277
2275
2274
2271
2270
2270
2270
2269
2268
2267
2267
2267
2267
2266
2264
2263
2263
2262
2262
2262
2261
2259
2258
2258
2257
2255
2254
2254
2254
2254
2253
2253
2252
2250
2250
2249
2249
2248
2248
2247
2247
2245
2244
2243
2243
2240
2236
2234
2232
2232
2231
2230
2230
2229
2227
2226
2226
2225
2224
2221
2220
2219
2219
2218
2214
2214
2213
2212
2210
2210
2210
2209
2206
2206
2204
2204
2202
2201
2201
2200
2199
2197
2196
2196
2193
2193
2193
2191
2188
2186
2186
2185
2184
2183
2183
2183
2183
2182
2181
2180
2177
2177
2177
2176
2175
2174
2174
2172
2172
2170
2170
2169
2168
2166
2165
2163
2162
2162
2162
2160
2160
2159
2158
2158
2158
2157
2157
2157
2155
2155
2153
2153
2150
2150
2149
2147
2146
2146
2144
2144
2144
2143
2142
2140
2140
2139
2136
2136
2136
2136
2135
2135
2135
2134
2132
2131
2130
2130
2129
2129
2127
2127
2126
2126
2125
2124
2124
2123
2122
2122
2120
2120
2119
2116
2114
2112
2112
2111
2111
2109
2108
2107
2107
2105
2104
2104
2102
2100
2100
2100
2099
2098
2097
2095
2095
2094
2093
2093
2090
2090
2089
2086
2086
2086
2085
2085
2083
2082
2080
2078
2077
2075
2074
2074
2073
2073
2073
2071
2070
2070
2069
2068
2066
2066
2063
2062
2062
2062
2061
2060
2060
2060
2057
2056
2056
2051
2049
2049
2049
2048
2048
2047
2046
2045
2045
2041
2040
2040
2039
2039
2039
2039
2037
2034
2034
2031
2029
2029
2028
2027
2027
2023
2023
2022
2022
2021
2016
2014
2011
2008
2007
2005
2004
2003
2003
2003
2001
2001
2000
2000
2000
1999
1999
1999
1998
1998
1996
1996
1996
1994
1994
1993
1988
1987
1985
1984
1984
1983
1982
1982
1982
1982
1981
1979
1979
1978
1977
1976
1974
1974
1973
1972
1972
1972
1971
1971
1971
1968
1967
1965
1965
1964
1962
1962
1962
1958
1955
1954
1953
1950
1950
1949
1948
1947
1946
1943
1943
1942
1941
1941
1940
1940
1938
1938
1936
1936
1934
1933
1933
1932
1931
1927
1927
1926
1924
1924
1923
1921
1921
1920
1920
1920
1919
1918
1917
1917
1916
1914
1914
1913
1913
1912
1911
1911
1911
1909
1909
1907
1906
1905
1905
1904
1903
1901
1901
1895
1895
1894
1894
1893
1892
1892
1891
1891
1888
1888
1886
1886
1883
1883
1882
1881
1881
1880
1878
1878
1876
1874
1873
1873
1871
1868
1865
1864
1863
1860
1860
1859
1858
1856
1856
1854
1853
1853
1851
1850
1848
1847
1847
1845
1845
1845
1844
1844
1844
1843
1843
1842
1841
1841
1841
1841
1840
1840
1840
1839
1837
1835
1835
1835
1832
1830
1827
1827
1827
1827
1826
1826
1824
1824
1824
1823
1822
1821
1820
1819
1819
1818
1818
1818
1817
1817
1815
1815
1815
1814
1813
1812
1811
1811
1811
1811
1807
1806
1806
1805
1805
1804
1802
1802
1799
1798
1796
1792
1790
1789
1788
1787
1787
1786
1786
1786
1785
1785
1785
1785
1784
1783
1783
1783
1783
1783
1783
1781
1781
1781
1780
1779
1778
1776
1773
1773
1771
1770
1769
1768
1768
1765
1765
1764
1763
1762
1760
1759
1758
1756
1755
1755
1753
1753
1752
1751
1749
1748
1748
1746
1744
1743
1742
1740
1739
1739
1738
1738
1737
1734
1732
1732
1729
1728
1727
1726
1725
1725
1724
1723
1721
1719
1719
1719
1719
1717
1715
1714
1713
1713
1712
1711
1709
1707
1707
1706
1705
1704
1703
1702
1702
1701
1701
1700
1699
1699
1699
1697
1697
1696
1696
1695
1694
1693
1693
1691
1691
1691
1690
1689
1688
1687
1687
1686
1685
1685
1684
1683
1683
1681
1680
1680
1678
1677
1676
1676
1675
1675
1674
1672
1672
1668
1666
1666
1665
1665
1664
1664
1664
1663
1662
1662
1660
1658
1658
1658
1658
1657
1655
1655
1654
1654
1652
1652
1648
1648
1647
1646
1646
1646
1644
1644
1644
1643
1642
1642
1641
1640
1640
1640
1637
1636
1635
1633
1632
1630
1630
1629
1628
1626
1625
1625
1623
1622
1621
1621
1620
1617
1616
1614
1612
1610
1608
1608
1607
1605
1604
1604
1602
1601
1599
1599
1599
1598
1598
1592
1592
1590
1589
1588
1588
1588
1588
1587
1586
1585
1584
1583
1581
1581
1581
1581
1580
1579
1579
1579
1579
1579
1577
1575
1575
1575
1574
1570
1569
1569
1568
1568
1567
1565
1565
1564
1559
1559
1557
1556
1555
1554
1553
1551
1549
1549
1549
1549
1548
1548
1548
1547
1544
1544
1542
1541
1540
1539
1538
1538
1535
1535
1535
1534
1533
1531
1530
1529
1528
1528
1528
1526
1526
1523
1523
1521
1517
1517
1517
1516
1515
1514
1514
1514
1513
1512
1511
1510
1510
1510
1510
1509
1509
1508
1508
1506
1506
1505
1503
1499
1497
1496
1495
1492
1490
1489
1489
1487
1485
1484
1484
1483
1482
1480
1478
1477
1475
1474
1473
1471
1471
1470
1470
1465
1461
1460
1459
1458
1458
1458
1458
1457
1457
1457
1456
1455
1454
1453
1452
1452
1451
1450
1448
1446
1444
1444
1443
1442
1441
1441
1438
1438
1438
1438
1437
1436
1434
1434
1434
1432
1432
1431
1429
1428
1427
1426
1426
1426
1425
1424
1422
1421
1420
1418
1418
1418
1414
1413
1410
1410
1409
1408
1408
1407
1407
1405
1402
1401
1401
1401
1400
1399
1396
1394
1392
1392
1391
1391
1388
1388
1387
1386
1385
1384
1384
1382
1381
1381
1381
1380
1380
1380
1380
1378
1376
1376
1375
1374
1373
1373
1372
1371
1370
1369
1368
1365
1365
1362
1360
1360
1359
1359
1355
1353
1351
1350
1350
1349
1348
1344
1344
1343
1341
1341
1337
1337
1336
1335
1333
1332
1331
1331
1329
1328
1328
1325
1325
1324
1324
1323
1323
1322
1321
1320
1318
1318
1316
1316
1314
1313
1313
1311
1311
1311
1310
1309
1309
1308
1307
1307
1306
1305
1304
1304
1304
1303
1303
1302
1300
1299
1298
1297
1296
1291
1290
1290
1287
1287
1286
1282
1282
1280
1280
1280
1279
1277
1274
1273
1271
1270
1268
1265
1265
1265
1265
1264
1263
1261
1258
1257
1257
1256
1256
1256
1254
1254
1252
1251
1251
1250
1250
1249
1248
1248
1247
1246
1245
1244
1243
1242
1242
1240
1239
1239
1237
1234
1234
1231
1231
1230
1229
1228
1228
1226
1226
1225
1223
1223
1222
1221
1220
1217
1217
1217
1216
1216
1215
1213
1212
1212
1209
1208
1207
1205
1204
1203
1203
1201
1197
1197
1197
1196
1196
1194
1189
1189
1189
1185
1184
1181
1180
1180
1180
1178
1178
1176
1175
1175
1174
1172
1172
1172
1170
1170
1170
1169
1169
1169
1168
1167
1167
1165
1165
1164
1164
1162
1162
1162
1160
1160
1158
1155
1154
1153
1152
1151
1151
1146
1146
1146
1146
1144
1142
1141
1140
1140
1140
1140
1138
1138
1137
1135
1134
1133
1132
1132
1129
1129
1129
1128
1128
1127
1126
1124
1121
1121
1121
1118
1116
1116
1112
1111
1111
1110
1110
1110
1110
1110
1109
1109
1108
1107
1107
1102
1102
1101
1099
1097
1097
1097
1096
1095
1095
1095
1095
1092
1092
1090
1090
1089
1088
1088
1088
1088
1086
1086
1086
1084
1084
1084
1082
1082
1080
1079
1078
1078
1076
1073
1071
1070
1068
1066
1065
1064
1060
1060
1059
1058
1058
1057
1057
1056
1054
1054
1052
1051
1049
1048
1044
1043
1042
1042
1040
1039
1039
1039
1039
1038
1037
1037
1037
1036
1035
1034
1034
1034
1033
1032
1031
1030
1028
1027
1026
1025
1024
1023
1021
1019
1018
1017
1016
1015
1012
1012
1011
1011
1010
1010
1010
1007
1007
1004
1003
1003
1003
1000
1000
999
998
998
994
993
992
992
991
990
990
989
988
988
986
986
984
984
984
983
983
982
978
977
977
975
974
974
972
971
970
969
969
967
965
962
960
959
958
958
958
957
957
957
955
954
952
951
948
948
948
947
946
946
945
945
945
945
943
942
942
942
940
934
932
930
930
930
929
928
928
927
924
923
921
920
920
919
919
916
915
915
914
912
912
911
909
909
908
907
905
905
904
903
901
901
901
901
900
900
899
899
895
895
895
895
894
894
891
891
888
887
887
887
886
885
879
879
877
876
876
874
873
873
870
869
869
867
866
864
864
864
863
863
862
860
859
857
856
855
855
854
854
853
853
853
850
849
849
848
848
847
846
846
845
843
842
841
840
840
839
838
838
837
837
834
834
833
832
831
828
828
827
827
825
824
824
821
820
820
819
819
818
817
817
816
815
814
814
812
810
810
810
805
799
799
794
794
793
790
790
788
787
784
783
783
781
781
780
780
777
775
775
774
774
773
773
771
771
768
767
765
763
761
761
760
760
756
756
755
755
754
752
750
749
748
748
747
747
746
746
746
744
741
738
738
735
734
734
734
734
732
731
731
730
730
730
729
728
726
725
724
722
722
721
720
719
718
718
717
717
716
715
714
714
713
713
712
710
709
708
708
707
706
706
704
704
704
703
700
699
698
698
698
696
693
693
692
692
692
689
688
688
686
686
683
683
682
679
678
678
677
677
676
671
671
669
669
668
668
668
668
667
666
665
664
664
663
663
658
658
658
657
657
657
656
655
655
654
654
653
651
650
649
648
648
648
648
643
639
639
638
638
638
637
637
637
636
634
633
632
632
631
631
627
627
627
624
624
624
623
620
620
620
617
617
615
615
615
614
613
612
612
611
610
610
608
607
607
607
606
606
605
605
604
603
602
602
601
601
598
597
596
596
591
591
590
590
590
585
583
583
583
582
581
581
579
578
578
576
574
574
573
572
567
566
566
565
562
556
556
556
555
552
550
549
548
546
545
544
543
543
543
542
541
540
538
538
538
536
534
532
531
530
529
528
527
527
527
527
525
524
524
524
520
518
518
515
515
514
514
513
512
511
510
508
501
501
499
498
498
497
497
497
496
496
495
495
494
494
493
491
490
489
486
483
481
480
479
478
476
474
474
473
473
472
471
469
469
468
467
467
465
465
464
463
462
462
462
461
460
460
460
459
459
459
458
457
457
456
456
455
454
451
451
449
448
447
446
446
445
445
444
443
439
439
436
436
436
435
435
434
433
431
430
430
430
429
426
426
426
425
424
422
421
420
420
420
420
418
417
417
417
415
414
414
413
411
410
409
408
408
408
407
406
403
403
396
396
393
390
390
388
388
388
386
385
385
385
384
383
383
382
382
382
381
380
379
377
376
374
374
374
372
370
369
368
368
367
364
364
363
360
359
358
358
357
356
355
354
354
349
348
348
348
347
346
344
344
343
342
341
340
340
339
339
339
339
335
335
332
330
330
328
326
326
326
325
325
325
324
323
321
319
318
318
318
317
316
316
314
314
313
310
309
307
307
306
305
302
302
298
298
296
295
295
295
291
290
290
290
288
288
287
287
286
286
285
284
283
281
281
281
280
280
278
277
276
275
274
274
273
272
270
269
268
268
266
266
266
264
263
263
263
263
261
261
260
257
257
252
251
251
250
249
249
249
248
246
241
241
240
239
239
239
239
239
238
238
238
237
237
236
235
235
234
232
232
232
230
228
227
225
224
224
223
222
222
221
217
216
216
215
214
214
213
213
212
212
211
209
207
207
207
205
203
202
201
201
201
199
199
197
197
197
196
195
194
192
192
188
187
186
186
186
185
184
183
182
182
182
180
180
178
178
177
175
174
171
171
169
168
168
168
164
163
163
162
161
160
160
159
158
158
157
156
156
154
154
151
149
147
147
146
143
143
143
142
140
139
138
136
135
134
132
131
131
130
129
124
124
124
124
123
121
120
118
118
117
117
117
116
115
113
113
112
112
111
111
111
111
111
110
109
108
107
107
106
106
105
102
101
101
100
99
98
98
97
96
96
94
94
94
91
91
90
90
89
88
88
88
86
81
81
80
79
79
79
77
77
77
77
75
75
70
69
68
68
68
67
66
65
63
62
62
61
61
60
60
59
58
58
56
55
55
55
49
48
47
47
47
46
45
45
45
44
43
42
41
41
40
40
40
39
39
37
37
36
35
35
35
34
34
32
27
26
25
23
23
21
19
18
18
17
17
16
16
15
14
14
12
11
11
11
10
9
9
9
6
6
5
5
3
3
2
0
0
