6030
6493
1567
344
3230
3629
6648
1727
768
2637
8522
1714
5995
6575
3851
8598
5752
5927
6618
3472
8156
8362
1864
3545
8003
834
4287
7482
249
7532
9920
7594
5041
3599
9755
5617
3913
9336
2855
2344
4788
2262
6594
9136
855
5615
2114
4619
0
9149
4457
7610
4735
1065
1271
436
2873
9778
3625
8288
5409
1226
8832
4112
5063
2270
3389
9354
6573
9391
2551
3603
9796
9298
6575
2666
3254
7344
1307
3151
2204
6314
8959
5966
7311
4670
954
7996
2571
46
2283
1965
4192
5139
3892
2991
3474
382
7575
5670
5585
2438
2526
1781
5987
771
1127
7174
1452
7878
891
2502
7183
8003
8496
7184
5327
2956
3972
6244
8447
5435
1914
3268
9463
9883
8865
4427
6888
7716
6928
3658
998
5153
462
8193
3764
5424
4573
3782
5230
6341
6439
7348
8015
3611
3680
3555
5299
2792
123
2880
9991
4700
9881
8858
3133
4182
3995
2457
555
7411
7177
2746
1683
6564
108
7354
3645
266
6949
4415
2000
4481
5360
8078
8784
1174
1827
44
6097
6327
4737
8357
473
2421
1180
1378
4084
4776
9318
4507
5585
3072
7944
6057
217
2691
5259
3414
2944
5608
1012
1620
8501
4270
6781
9591
1588
793
654
2911
8906
8315
7899
261
6488
8859
7751
9602
4368
7925
326
7543
124
8622
240
2780
2319
5601
8033
2472
7427
3627
381
5498
1409
2224
3985
8546
6544
1848
8692
1215
9812
281
8989
8022
5399
1010
2670
7660
3462
5841
3470
7344
6466
7329
2293
4887
2615
2788
6896
5189
1625
7993
4164
8741
7994
5354
1135
8181
4152
1109
1162
1569
8691
8053
8250
9755
1164
2652
9846
3988
6185
3775
6851
4378
4006
2766
2939
5565
357
14
8989
8799
2230
3637
6365
5128
3105
4786
7036
755
5248
6534
8914
4697
1786
6131
1672
7672
2634
7359
8594
3007
574
1221
617
921
6363
8936
2391
2003
8782
9077
8556
2124
6510
3796
1901
9656
2445
1818
332
273
9676
1007
3906
4554
6958
8951
185
7265
1189
6031
8311
161
6585
4581
788
4897
6935
4100
6924
8125
1702
8907
2368
5518
5684
3561
1863
2249
5935
1784
6466
2833
7136
819
2078
5481
5186
8164
5010
6122
3425
4559
8839
7806
5821
5844
1847
3079
6845
9301
8239
7086
8208
901
3966
171
1438
4345
2560
5806
6302
222
548
3609
3921
2342
6536
1914
5819
7760
8135
5576
7890
5203
1064
5529
4670
1783
7352
9117
1457
7760
5794
1835
6496
6519
5963
5862
1039
9447
2170
5948
1531
9681
4676
1451
7361
605
3558
1664
4428
9662
6235
5501
2283
4447
4014
4710
5761
5504
8361
121
3622
7208
8411
7448
6747
4517
9144
2788
7483
7831
5643
6983
4301
6005
4007
6477
6165
4427
5243
2576
634
4465
9731
4911
9170
6329
8539
3179
2954
9476
8127
2654
2914
8625
5197
8568
6645
8819
7884
5367
6
8878
8966
5922
4342
8078
8913
6226
7522
8740
3227
1934
9608
6302
1635
2737
4042
3186
6693
6810
3580
7255
8125
6208
7000
6848
7501
2400
8785
9541
4234
1060
1380
7231
864
1778
602
9760
4245
2094
6442
4413
7163
3709
715
3786
719
7239
2839
3776
2143
5560
2460
2093
5881
3523
7116
5816
4782
451
2484
63
7381
7520
5705
1455
5627
1146
9870
8799
5512
566
7410
4442
7902
5858
1719
5895
3403
2902
2637
7734
9933
4936
5053
7081
6021
2844
3106
8525
7044
6647
1121
1028
6258
1102
1097
4417
7965
7184
3429
9951
5807
6732
9087
4813
3688
48
5535
6778
9146
4064
2737
3881
5524
9887
9556
2993
1110
4317
7022
2436
6467
9725
2125
6618
341
194
984
313
746
2166
6532
4003
6939
5190
8611
2684
8222
9549
8903
9959
5505
7931
3509
3116
3991
3185
2724
1304
5024
8332
3460
1344
8432
6476
8715
9635
3601
6944
5962
3420
2996
9920
495
2897
7683
7815
4500
3819
9154
7786
1844
1458
8452
7017
1998
4084
6746
945
4642
2209
5030
4348
472
8246
9982
9382
9008
7109
3819
3116
4948
9837
9857
5235
2073
3451
1625
9859
5364
1805
1034
6830
3498
3390
8711
6384
6096
5315
5714
8868
4513
7825
3709
9905
734
201
6609
1328
6751
930
4232
8811
1480
4609
1844
5155
55
1783
6723
1982
9113
182
3274
5723
2524
8929
4302
1251
8303
2976
9489
6558
8102
1325
3354
943
3290
2174
7549
3902
4013
7247
538
7071
3099
9003
6194
4548
8188
8087
6355
6956
3510
6475
1748
4966
1871
6110
7340
6694
767
7661
9789
2563
4308
4775
9134
538
2848
6648
6567
1811
5501
80
9301
4190
2097
2479
6445
601
860
5760
4653
8657
7086
7119
5294
4626
2822
7592
5974
7726
2613
446
698
9382
4464
6692
5696
1655
9652
4923
8546
3603
7540
3561
7119
4011
286
9154
6939
5495
6877
1830
8871
9506
8711
4423
4075
6708
1526
4549
704
6861
5843
2711
5498
5419
9694
9112
4402
5609
4202
9596
6162
388
566
286
8602
2522
4199
6247
5552
7873
7744
4429
9667
3586
5748
8070
4608
6560
2914
2983
3133
5721
1646
5901
7251
9736
6529
8023
4826
899
7959
7902
476
8968
9798
6403
411
3615
8078
5395
6750
604
4188
4281
8438
3877
9928
2176
1376
9610
8175
3235
5331
8709
2699
596
6952
6447
1533
1557
9722
2347
5245
2470
3491
6628
2264
5643
3286
9855
8936
281
9243
2060
7986
4174
5268
9631
2761
666
9439
5125
9488
157
1748
8837
5740
1054
846
4628
7703
3302
2358
9525
9377
359
2747
2219
1057
9148
8366
6988
2234
9022
2186
853
9337
9743
6625
6916
2170
9015
1873
8134
1962
9993
8101
7517
9206
3538
5320
7053
2707
669
5444
7507
4583
6677
6121
3362
4997
7752
6793
5356
4214
3812
2335
3146
3186
1762
4624
5784
9743
668
4682
2960
7424
7115
3626
2849
2206
5505
138
2411
4308
4736
774
2330
2836
3781
6767
2653
3767
2085
7369
1394
146
738
2463
5312
4740
8105
6983
3184
2731
3596
6415
8440
5415
7463
3126
9045
2070
8721
2776
8389
4927
7841
4001
8639
3082
5994
2051
111
1164
4053
7507
5090
4880
7785
7069
9162
9345
2506
3000
4382
1252
3163
8899
9346
7794
9953
511
8126
9604
4053
2039
9981
6087
4549
1881
5813
3503
6265
4249
1806
9223
1677
6699
6720
1894
5728
6653
1581
5197
1223
2119
9320
237
7966
7275
433
5142
3772
6711
2751
7498
178
7369
424
2001
6721
7474
8048
9685
3749
4419
4715
2349
8017
8804
3056
5590
4504
228
6733
2317
8389
3930
49
9290
1976
1146
6698
6775
814
8147
6604
1038
9515
149
1962
3984
2759
5120
7508
545
3330
887
6013
8673
741
1331
1095
8566
4231
9909
9021
8805
2792
4387
4045
8239
5070
7732
8017
5256
6825
6870
7929
4547
1589
9740
6518
9417
5564
3238
9541
9096
9845
5224
7638
4120
1197
5420
5848
2825
3600
4820
7810
3368
7108
8071
1441
8704
5395
6141
7289
1821
8515
4902
1434
1196
2803
5172
7969
8831
1140
5145
1911
1084
5873
5674
1642
2757
4125
8227
6470
7026
2904
6949
7360
7018
3853
186
1647
1489
7291
9993
3911
2651
2206
2005
9699
5727
6346
6160
8911
4839
4835
525
2447
4835
7067
6322
5423
2685
3353
1548
3751
8631
6210
909
283
96
263
5664
7549
5270
5643
4813
6159
2406
4671
5896
4841
1471
3916
8820
8083
948
2829
197
8944
8832
102
8163
9479
2675
7060
6362
1470
6411
1811
1999
9046
2926
8134
7885
974
3123
374
5660
3492
3201
5642
8595
7791
8527
9472
9781
530
459
5845
7079
1949
6982
8167
9569
1414
9756
7268
915
2640
4465
62
8175
1941
9223
573
8148
2085
2925
1841
9403
6827
8961
8851
8858
5128
5173
199
7813
175
655
4465
1381
3452
6219
7312
5009
9890
2268
4427
2136
8799
2831
4903
5857
3326
3952
8434
1242
7225
1942
8255
9116
5080
2505
7326
3456
6234
5140
5863
91
6895
4373
5715
2004
3985
4354
7512
8694
9149
1845
3407
1296
5953
8648
1827
8570
2915
284
6360
3395
6203
7315
9413
3125
7918
3550
2879
5482
825
6240
8212
1496
5318
1457
3969
2039
94
2158
1056
948
6331
4654
9170
8526
7208
4992
2357
2253
8536
5600
5682
98
3584
4120
9749
6170
6546
5667
7018
556
3031
4861
4033
4098
1512
1110
9597
4244
2936
7589
9182
8559
1250
3305
2905
8997
6650
5547
9441
7054
8755
2943
6117
9965
4701
2153
7702
2509
696
637
2402
7354
6809
863
8402
6716
7880
6968
5452
4269
68
8698
4278
5276
579
7083
6088
5018
730
717
2060
2146
2598
574
4309
1030
4836
9483
9801
8324
5539
3519
2077
6039
724
6585
5228
7610
9595
8476
8402
2791
117
8689
8555
8862
9237
9335
7699
5313
77
3098
3578
2428
6453
5216
6582
1458
5035
0
6613
3474
2920
1470
8429
2776
3931
5313
8802
5376
3700
5926
3284
6470
8767
3309
5473
2889
7930
5745
4782
6702
7877
5334
6478
8256
773
2458
6780
6213
6357
4221
5163
8779
5211
1517
4392
8625
9778
2090
9944
131
6232
3561
8259
3214
5046
4980
8573
6977
6951
9902
8045
1892
4087
6517
9084
9890
7594
3552
2779
834
4535
3143
4161
1844
7263
1137
720
5334
6013
7512
8691
6678
9179
3642
710
2626
6094
8313
4946
1643
9792
4210
2564
7912
2696
8139
5016
5783
8808
7604
2679
2254
3075
5344
4762
2048
9913
494
7402
6459
5440
6703
4278
6078
3696
460
3712
8871
8587
4128
2341
4426
4888
9984
8118
6190
3739
7644
7335
994
658
5581
7908
4701
6638
7150
4123
3955
6172
4775
202
787
7647
3972
598
9197
2220
5188
4805
9793
3234
4045
1032
6979
708
7357
4633
3146
9444
8956
6365
3223
8045
3341
6821
1827
3933
3331
9095
3666
8157
6432
7684
2979
239
1705
8262
6905
8723
805
2648
1972
518
2628
4738
1544
1799
2604
1711
6080
3239
4127
8557
3435
7885
3785
7920
8516
1699
9925
4467
1695
224
7390
6076
159
6675
5891
251
6709
1385
1380
5967
1092
5739
105
8997
2991
887
5282
6109
6995
6408
8313
5387
6801
6741
4388
1927
7027
916
3942
9586
7040
7433
3989
2854
5595
9967
8582
2280
9686
5297
4260
6732
8372
1781
8992
6837
4827
9093
8194
2360
4296
7868
2350
6939
9181
4810
9250
528
1878
6932
3436
8584
4937
3867
4600
1814
8459
1095
5222
7697
3039
9471
4730
5636
3129
232
349
6374
1585
9640
5409
386
8771
9573
1234
8226
4867
7823
1128
4093
1886
1687
3513
8042
8636
2635
1739
383
6082
2463
5143
8043
3764
2809
7225
5452
2343
6584
4068
7581
3428
1426
4867
864
7576
2345
3034
1140
4328
1658
5274
7011
18
9042
3
139
6639
4780
9684
5847
5941
1483
1646
5433
7001
8145
3606
3974
8113
5674
2313
990
4424
8792
923
2982
6970
6507
7352
6436
7807
1212
2315
7286
8501
4903
7181
9600
3941
8115
8340
4624
136
960
9709
7775
2915
3371
1509
2023
1309
6480
3345
27
2913
3869
9597
8184
2111
5519
8689
1222
9868
9292
5648
346
7274
6812
7738
5180
4275
4964
738
3167
5007
7024
1401
4050
4485
1581
1769
8451
9453
6480
382
827
1204
1590
4702
1721
1129
5497
5706
3903
4260
2460
2460
1459
422
1972
6000
1299
6236
7939
7839
1097
1485
97
2695
7014
8419
41
7558
1021
7030
1581
4501
9311
1699
9863
3970
6543
1676
6782
101
34
1610
7841
8324
1541
8637
7443
1362
9754
8644
2867
9554
4064
583
7046
5145
429
4273
3731
9889
651
8396
5611
682
6573
2485
1588
6876
4173
9054
6672
3031
3747
9202
5950
3659
6163
4259
2429
8755
5092
8031
9752
4956
7097
5025
6499
6276
8318
8452
417
4958
3408
7570
4575
5186
712
9339
2784
6240
7798
5857
4469
7493
5623
9120
4473
4582
4179
459
7318
281
2901
6177
888
2356
4840
607
1580
4013
2378
2895
2037
5024
335
9694
7627
2431
9669
731
8783
2339
7888
6859
6608
257
8833
1993
2659
216
6023
1242
5635
6439
818
1663
1461
3980
2400
9109
5798
4150
5895
7574
4931
1132
6926
3954
8357
8742
8632
3016
3959
9849
6365
6349
5045
9649
8086
5584
7491
6278
693
2884
1927
7713
5151
5932
7444
1448
263
2822
6484
1189
3241
3214
1920
6661
5823
4531
895
7356
7619
4022
330
7429
6018
718
328
3687
4137
1689
7883
2292
6047
7005
7973
3051
223
2557
1384
2221
1696
5095
5849
9372
4786
3354
7680
16
3767
3956
8223
7459
3644
1306
653
12
9411
657
8733
7849
6511
7753
2288
2373
7786
6969
339
5049
1574
7365
9942
6831
3278
3436
7707
2497
5657
2862
2327
7200
3531
5307
3416
9217
3863
8918
9443
2913
4788
2377
5977
489
2731
8802
4469
9645
3514
8619
21
143
2697
1640
3106
4385
1575
5929
5581
7703
2719
4030
6536
2586
1037
5994
7679
2824
4246
3313
369
3113
665
6571
5935
4109
6705
3034
9967
3409
1012
1640
8717
6449
7515
8202
8671
615
221
3857
7299
1553
698
6415
6632
9697
7474
6742
4966
590
5728
8700
3339
4247
8230
6379
6754
7112
5382
4197
6018
9813
3353
1604
4624
2147
992
3135
9346
5142
326
2105
8274
3749
2062
612
6747
6410
2941
275
5155
9653
2086
5197
4308
8768
3375
6749
5624
1405
4557
9381
1473
8924
2832
5347
2963
8681
7117
8636
4303
9522
6004
6709
2204
4070
1565
8481
8116
2056
9684
3429
8392
435
1662
2647
321
8279
183
5508
1060
4018
6602
2672
6401
9083
8076
7032
4137
9095
7029
7860
1337
8030
5804
2073
7639
6951
3502
11
984
1648
6730
8975
5291
7354
8236
1134
790
1985
1348
5013
1835
5626
1938
9737
2630
5637
1729
5785
1350
241
9933
5484
901
7471
3858
9801
9382
2942
6434
9461
2698
2949
1539
870
1823
4592
1011
7862
486
3442
8152
8084
847
4857
7832
3685
6675
734
514
5768
8430
7419
4024
1078
5335
7960
5162
8136
5629
5902
7935
5315
2063
6076
8466
5566
7480
3048
7543
5316
3238
6109
4681
7349
3750
6674
3649
2807
1853
7500
325
5130
5349
5722
4922
88
1602
3549
5048
9371
1840
8027
3977
6809
9883
6889
9644
2155
2603
8821
3885
379
7338
8278
9833
1579
4402
3963
1664
403
2776
7840
5580
6450
3951
848
4936
326
3003
1124
3727
7862
339
9801
211
5212
8466
5615
9030
1408
1674
8301
3080
3792
4485
2210
5325
5436
2249
1303
9738
9325
7959
6657
5372
5238
7729
4050
6182
3362
6150
6431
5029
2365
7467
347
8849
5327
4615
9266
8050
8115
1323
6531
1004
6101
6668
4405
7849
3498
7470
5594
7794
7658
8719
7792
7529
3448
8158
8436
70
4146
2454
8386
9260
9923
6586
1895
5544
2566
1583
7527
773
5958
2400
1371
5022
1936
1170
4802
6401
8522
8182
632
620
61
7812
6260
4056
5645
6970
1979
7822
4569
8400
6866
3098
430
7702
6400
8219
8486
1805
5954
3251
285
6767
3641
9041
2789
9053
9566
6345
7759
2451
7717
1773
6474
5305
7871
6251
8424
8505
9177
1938
8091
4919
1474
7121
6384
1042
5466
1438
3777
3062
2774
752
8830
9100
2112
3274
7174
8927
3052
8773
7023
730
3861
280
4853
4195
1365
2150
5999
831
4963
581
9133
4737
2983
7670
6845
9138
6889
4486
5950
7310
168
7280
5723
1641
8134
7692
3769
5148
7824
9304
1052
8512
1308
2786
4787
4198
8891
2703
2820
6000
9966
91
3522
4095
4676
4590
8603
8283
8145
2278
4590
6584
1035
2039
7242
5611
2398
6412
5569
4953
1968
3944
7979
1160
318
3214
6087
1637
3573
8505
2236
833
716
6761
1950
8936
142
5051
5052
7663
6502
2691
2135
6986
6596
8184
5309
3927
396
6845
9858
6362
9037
2616
6448
854
4079
3280
1909
213
5302
7976
3131
6020
5683
514
838
5454
3673
7858
7702
7747
7021
6720
3163
677
4886
5001
840
8687
5556
6947
17
2323
3550
8811
7774
1118
9587
1341
8610
7865
4690
3263
4485
4815
4613
7723
668
4166
2520
8294
9163
7292
824
9650
7441
6784
4678
8588
4977
5385
3642
5475
9489
7383
7220
4214
8875
1700
5246
5864
5665
1815
6062
9604
6029
37
3576
9574
8214
7412
2704
9933
4991
3373
1132
460
4058
8669
2999
9623
970
4712
2258
9392
3126
9787
7094
3086
5769
2797
7141
8998
4086
9696
2254
5929
7768
5130
2366
2410
8936
491
8436
5098
2552
7082
637
8594
4044
6336
9022
9756
5848
5553
3376
639
8804
9618
9958
677
3261
2331
5674
3818
6789
7931
7509
3395
3706
4610
5037
2537
6788
9760
8872
7697
6024
615
8399
4505
4890
6975
1551
4016
5439
5574
9080
8290
6416
5201
9464
464
5194
5412
7234
3560
3683
4426
5016
7174
9975
2082
2664
5847
688
9766
1057
4837
5604
841
6199
1076
2600
6284
2748
2919
3635
7596
1407
1840
9021
4604
1425
9187
8182
1307
6225
1701
6131
3922
3354
2390
7171
4940
5586
3800
2031
9362
7491
683
8384
7906
6295
4359
2139
9579
3836
8565
1495
8968
7975
3515
9487
7159
3572
578
2259
9892
2124
3205
7897
3079
287
4263
5201
6646
8017
4897
6982
2136
17
8280
3424
5864
3236
5191
2566
9218
2433
5166
6944
8605
9013
6311
2939
9269
8086
6896
6774
1971
8789
4858
874
9276
6541
2397
4230
5683
5640
8182
3464
4059
8208
9022
263
7262
6947
5528
7869
7203
799
2614
5122
1503
3005
120
1988
5643
5883
1043
627
8125
5025
7466
6472
1734
7605
8332
7190
6679
6522
3993
7513
5457
6771
2802
810
4472
6342
252
7076
9650
8683
5297
1217
1858
4548
8035
6830
8460
3542
6478
3966
8852
5637
2793
5322
9048
6606
2776
4741
9030
2317
3921
9741
6539
1231
4984
1837
4858
2338
1818
1824
1845
3289
434
1249
6362
7180
5468
14
77
3068
8532
4234
1230
6563
474
6401
8359
4250
5156
2742
3221
8180
6367
1160
1856
6152
7572
6388
920
2332
3187
5092
2318
4796
1535
3445
1644
2074
9318
4182
1090
2400
6362
6508
9694
6737
1441
8947
7031
7005
8262
8526
7350
3923
249
8303
9122
2576
9098
3907
8870
3126
5373
8213
9537
5353
9738
8514
9994
8179
7253
8140
4510
6870
1701
9000
632
2257
8739
8259
6091
732
2496
8737
6767
3886
2547
5685
3446
5310
8702
1165
8409
6278
1388
2693
8436
3619
5561
8748
3706
7145
4333
8596
7190
4244
951
4738
1920
7289
2835
6293
7128
5114
3463
4211
6739
4393
9520
5935
6751
4820
2579
5559
7412
2830
2210
1386
7656
8319
5822
5895
655
657
6099
9408
5598
7051
5029
6525
5450
9979
8101
1437
6354
4492
928
6424
4454
9928
3412
912
9890
3574
5439
5429
4171
340
3638
5159
2180
2624
4750
9750
9181
6320
1707
9222
4121
2978
3491
5375
7307
8749
7438
9552
3885
5030
2861
8147
4188
543
3891
1180
7251
1465
6212
171
6306
3067
9609
8097
1258
2267
5549
3759
2456
2984
8120
9177
6092
4426
9925
3162
9046
1841
3345
8657
3020
4507
5587
2153
3561
3394
7682
2135
6757
385
1608
5484
6413
8918
4785
2794
1599
8947
5327
5796
4981
3007
3406
77
859
7082
1759
515
2158
1709
7395
7588
7443
1279
5238
6830
2962
4693
4693
1189
4253
8577
957
6653
5200
6859
2530
5944
455
2877
1432
9609
7494
295
2034
583
1817
7523
5797
5405
9993
9012
7783
6670
9240
5864
1657
8902
8761
6604
5983
6075
5855
7918
3624
1426
7712
4717
3086
367
3141
4396
3724
1444
7793
1510
7383
2842
7787
9020
2762
2254
5562
4282
5282
9394
8605
8855
98
356
7940
6443
1876
556
7518
971
413
7279
816
6511
940
8273
3982
5541
9327
1911
777
9535
4497
2922
7925
4615
6628
3624
6806
2722
8343
8948
1542
8898
1588
1534
6502
2582
6505
2333
8111
4492
2000
9352
4595
5719
2109
1924
2629
5147
6020
4808
5346
3749
4645
3276
1994
3672
6597
9856
1391
9506
1882
7641
201
4157
3922
7606
6467
9009
4257
9984
4038
8375
7845
4400
2175
7928
6295
9979
7456
8627
689
2120
8768
3390
9046
9875
1343
3140
4819
1978
2619
1725
6160
2803
2136
187
8626
1088
3135
6720
5360
3995
2086
4429
5648
7308
5464
1318
1662
7594
1616
3041
8424
5982
9527
541
9129
5971
4296
4975
272
7145
6620
967
2172
1257
6680
497
1110
578
927
6343
2555
8706
1940
4389
469
1856
1088
4773
693
5990
7948
6712
3854
4925
1548
1621
7713
7824
6024
1804
7697
1138
6200
7012
658
7420
8476
5266
9635
7278
3013
3131
2309
7271
6915
9632
9799
7568
4828
8280
9760
5634
6534
6156
9480
8152
4881
6620
8483
4351
9060
7119
8794
6905
2322
263
5863
4449
2713
5459
2062
8698
2359
5886
5235
9568
8009
4469
7356
9055
1905
8261
4228
2546
3939
7427
1768
2100
7772
3301
7329
6851
992
2637
4127
2866
3055
5558
5615
1037
7394
2391
8569
5544
6552
965
6584
5680
9816
2214
6598
4275
6578
591
6324
107
5926
8414
1427
7845
6256
8212
6578
6304
5759
5722
4468
6449
2049
9860
8861
163
9197
3635
7705
380
8508
8453
9593
9627
6116
1175
5547
5966
5715
7738
8676
1152
900
6515
9677
6334
4065
8077
4727
3579
1878
1273
6493
905
6365
8757
8709
1752
8252
3435
162
6780
151
8816
8905
1510
2738
1549
7677
9429
40
9946
4137
9349
2369
8198
9642
1509
4659
8932
4359
8838
2504
4495
2509
4784
1000
5085
7387
3631
35
2162
5879
3754
3725
9980
4012
6116
2918
5867
2481
8075
37
403
4918
7086
8481
7450
9149
4204
4507
2940
4867
1287
6203
6367
3594
5496
1813
7984
9412
7340
3479
1228
7118
7163
9731
8395
7367
2777
7108
5894
4683
3302
6958
1881
8960
4528
583
1668
4060
2056
4843
7419
529
8114
4833
942
6759
2709
5288
6099
8564
4947
1724
1630
7562
1811
3435
6066
7229
6154
4463
4834
8527
4152
4840
3713
6554
8830
6967
3719
8538
61
89
5316
8804
7289
8622
9807
3639
6093
9397
8376
3070
6121
3558
7820
94
5110
9771
9814
1282
9209
9596
4098
9089
9414
4790
9165
8665
3580
1175
5912
9498
1854
2984
4123
8689
5106
2823
7559
8879
866
7520
5364
6
4448
3848
4393
9664
4951
3158
9
5115
3596
8302
9162
7589
323
7708
7874
9152
2046
8185
6618
2465
4353
1788
9892
9051
7568
3440
7961
7076
5945
8190
9051
608
1311
7495
8105
1298
2923
3136
6145
9708
1031
7739
799
7374
7717
8206
5028
1523
4297
7874
4082
5252
2040
2441
7108
2679
168
3597
298
2248
8950
6001
497
7634
7111
2247
2705
377
9846
6558
2817
3655
572
6388
6341
8626
1422
1680
9127
1223
7184
8245
3956
5877
6632
8196
5293
5720
3277
5329
3709
6816
2045
111
7771
8093
62
4219
853
9001
1116
6530
3356
9939
9473
7536
2671
3475
2339
1510
2976
815
88
8503
3074
8185
4500
6911
7012
946
5923
2961
7943
1216
5586
3083
6267
4391
1511
1336
2504
8262
3681
5346
360
7425
8041
2657
8306
919
9592
4949
4065
5167
7987
3916
5075
9940
7586
1360
845
7354
8958
3664
5868
6667
1528
25
5686
19
9638
8529
6863
9316
4456
5792
2920
5975
6441
5484
6385
2144
2001
7375
79
7644
1239
4039
6841
2266
4900
1658
9276
1827
1891
2435
7807
8583
2068
6189
7504
6230
6991
2747
3373
4007
374
4690
4271
6280
5380
9636
1217
115
5697
4170
1086
1018
7271
1789
7736
6975
1983
8945
8853
2546
6404
478
3988
2311
3450
7692
174
5283
7335
2426
8167
5235
9999
7643
867
5193
8734
5166
9381
1460
9582
8377
3075
1019
6152
5058
4134
7127
2839
249
5389
8922
7320
1780
7872
3039
7709
9752
1042
2654
8097
5826
3200
4988
295
7648
9975
9309
4651
1374
8034
728
2457
1392
2896
3798
4556
8233
8612
885
5231
4598
358
7999
6464
7562
4071
7090
1475
8871
2354
5004
3074
7478
6253
8469
5905
8691
4111
3225
8591
6648
6011
7072
713
8499
4427
4252
4425
6263
4456
4015
8461
4909
7877
3606
8578
7028
668
8453
7166
6300
448
9936
5324
8091
8210
6964
1826
6857
7647
8752
6607
111
8357
4947
6737
1079
4374
4499
7315
383
5638
8503
5443
2880
9231
6562
3777
5302
9780
4813
1251
7211
7154
1263
3845
4324
257
2075
5758
5351
9434
1510
8798
3943
6484
1940
5172
958
5655
2399
5324
2871
2225
5234
6326
2373
678
3992
3809
2003
2642
1388
6789
6568
4378
8076
5969
6614
6609
5055
2089
9040
2070
5776
3009
4678
9995
8727
4503
9678
7712
5618
8538
1569
5742
4549
9113
9567
704
1579
1351
8895
7275
4535
5738
6231
9950
268
7186
2277
1604
9525
6503
88
8934
9410
5051
1646
5774
4287
942
8826
6167
4947
6336
5201
7248
34
8306
7826
4063
4799
7557
5472
1746
3026
4596
4173
8544
9490
5758
7604
5982
911
3035
8515
8942
8926
7280
3460
6162
7010
4941
5414
6702
307
3459
9532
5372
6558
6771
2994
5401
8633
7122
9016
9068
2609
3464
1277
1158
5746
1096
1592
372
5634
4586
2213
6242
1818
3828
9755
9803
930
2839
8326
7467
2376
4406
3238
709
8701
225
6227
4128
9900
895
1787
6748
4856
2090
1194
2243
4961
7876
5957
7818
2674
344
6227
6678
6314
5003
6504
5228
692
1826
4271
993
3382
3533
5571
1936
6259
480
3482
5226
781
354
5263
5271
5514
270
1434
106
9346
2983
8542
1763
8275
3017
2431
1086
8512
5642
239
6169
3405
2992
339
4755
7967
4428
7510
7472
1092
7523
5370
9545
1311
8814
1622
3936
8909
3351
9264
9441
6041
68
6664
3076
3160
6752
495
9006
2243
3572
3011
552
975
3925
5128
3959
5946
6743
6340
4266
9971
5904
23
35
8470
8135
8644
6572
8324
5738
8849
1579
8555
7759
7623
1584
6535
7442
6278
7339
4532
3790
6393
8506
415
6695
2817
2016
648
3251
8304
3890
9846
4537
4437
2874
5319
3937
2671
958
5138
7739
8735
8892
124
5484
2542
4892
707
7364
9752
4951
5689
7338
7028
1237
849
904
9458
1490
7279
7059
3872
8586
3567
7043
7064
3588
2950
1841
7801
1771
3004
3118
9632
439
7166
368
2098
1707
735
5031
9545
9399
6758
1310
5818
2685
5784
4717
6815
4497
515
6348
2837
7337
1684
5634
2532
8196
5189
9386
1270
5351
775
1751
7942
8930
9127
4318
2871
5970
2816
1154
4174
1487
638
1790
5005
2853
330
4730
1932
3568
343
2912
7446
9041
8343
5529
3022
1102
1658
8161
6012
821
469
7577
9591
8240
4891
1243
3568
2916
6875
4263
1785
7475
8821
9676
1601
290
1786
1923
734
3861
8911
3637
9941
9495
6909
1853
9064
8837
873
664
6684
1146
3179
8953
8790
8469
45
9177
4834
406
6946
3515
2000
7112
5440
4990
9660
5415
7067
2812
55
6643
1024
2127
8135
894
5098
9074
4296
3375
9813
3733
4653
4185
8941
3355
4264
4261
6129
6062
7857
5835
1178
7394
6262
3088
5042
7575
5231
7465
5267
5864
8173
606
9421
3392
6351
5946
771
1036
7745
8591
9890
348
6433
3686
7375
9075
5951
8084
2748
3133
9392
8312
567
7824
8527
6320
2271
1819
1121
3228
692
2988
6595
7034
7226
4926
1554
5584
7241
5295
5607
7113
325
7999
6621
4870
9589
8436
928
8406
7761
4795
3700
6416
957
1129
2575
7117
1628
8719
4196
2099
7395
1820
9405
5627
2476
828
1332
2100
6547
3582
6910
1265
9809
5444
2405
9005
8018
6243
2512
5663
8709
5978
7249
5816
3776
1568
9659
1353
3725
4534
3565
9282
3364
3083
9279
5125
1702
9742
1529
7641
340
4686
5835
1691
1802
9662
1612
9742
364
6228
5058
7715
9611
2464
458
3284
6387
1850
5605
650
2436
1508
9424
846
3371
6863
9294
812
9117
1129
6676
8260
9680
1699
6288
7371
5
6609
5175
462
6869
4363
9114
2022
631
449
1140
6103
236
9739
1779
2146
6792
9646
1824
1387
540
426
460
6948
9444
3584
1017
2376
698
5329
7475
4133
8406
418
5833
7840
755
8412
6860
1084
542
8127
3219
2341
6845
4471
5495
4039
1994
9606
1058
9900
7643
2129
5999
7842
1888
7031
8558
1962
2680
2396
6439
5501
3263
6388
1128
3593
3880
6234
2364
5545
8403
9360
1738
6643
5260
81
775
9899
4112
8546
5257
4741
3340
520
7690
7496
5860
4131
6661
1917
2140
5927
9712
8519
6967
4187
3701
6220
5561
8442
3199
8545
7099
7463
6798
4053
8155
3134
2071
5924
4029
8838
8666
5723
5443
1410
4369
7899
2308
2854
5715
6630
9195
3143
6402
839
3823
8491
1303
6334
3787
1696
9447
2457
7849
2841
2
8414
4927
1010
1977
1556
6006
5268
3481
8130
4659
6500
3448
5887
581
1926
2475
5673
58
1392
2401
1025
1373
5369
1264
1987
6064
8928
8666
9571
1297
7224
6315
9875
3453
7297
7458
8577
1726
5938
6954
4813
2530
7138
9172
8648
2650
5671
3122
9385
2635
3862
7666
3769
9988
6920
5749
2990
8077
8573
6475
5988
8504
810
3021
9543
3287
7742
1815
8846
8138
2579
4768
7377
4434
7872
9303
5099
3815
5243
9868
3594
4611
6764
6504
2915
9753
8956
2297
7123
5621
1548
2974
3233
2162
2355
7612
6895
7666
607
4219
638
781
1868
8736
9089
9497
8914
6663
3066
7937
7512
1996
1521
1110
887
7286
3859
2111
8826
1489
2631
3406
2641
5863
6588
6897
6629
2779
814
7761
278
3233
3639
3611
1568
2653
6066
1097
1787
3815
714
8332
2210
7623
1170
4711
2859
706
7406
1499
8853
8145
5182
8075
3424
9259
1162
8859
2262
6815
3257
8442
4344
5200
636
3369
499
5180
5591
5095
1313
7883
3648
490
6603
8945
3552
6940
8892
7327
7590
4320
7345
5053
8539
1743
2157
156
7504
3444
8697
6523
2083
6416
3112
3769
2465
5978
8617
1697
8117
2311
774
407
718
7634
6681
4685
1807
2104
6478
978
6368
3570
4275
3880
2402
8816
1691
7888
6704
1359
706
5412
8273
2454
1644
7137
9657
195
8343
4255
47
9661
5182
9215
2122
8213
9503
6848
9396
4366
9380
5213
6865
4326
8989
2263
4776
6960
1535
3930
3168
2960
6742
6414
3254
5186
8694
4541
3690
1399
7759
4027
5738
5549
8671
1559
4182
6121
9361
9261
947
2708
6115
9958
8891
7583
4485
4429
5281
1365
3453
1998
9698
9036
8360
3405
615
2614
7355
8687
4935
4522
7768
9145
5690
266
9035
2100
1016
7442
6868
5834
5007
876
9023
2288
3971
5090
1007
8943
6512
4097
2169
4848
6604
4326
780
3604
1575
6024
2607
6509
212
3473
3939
9629
8417
9706
1943
8505
178
9090
2795
5193
5677
1579
6700
9151
5342
5106
669
7153
6346
1209
8535
420
288
7618
1815
7959
2955
794
5029
2202
4341
9695
1254
4874
1350
5024
6759
10
7898
224
2954
2334
4384
8502
8093
5991
7454
8339
6949
2534
2066
481
5226
9279
2340
8229
988
6876
4439
2305
611
9530
5758
2633
6372
9300
1755
3855
4735
1835
9234
3773
5253
7471
9725
8783
6183
4732
457
7514
602
5203
8013
5965
7607
1396
810
3394
5263
7573
8334
513
5771
4530
6259
5810
81
2193
9397
7356
2594
3504
3232
5343
1313
2829
23
7915
8862
6594
9713
763
3152
7324
5998
3169
5234
6934
8344
2302
5780
439
5797
8798
3890
4900
216
3742
5393
5827
983
7980
4710
1133
7591
9402
2961
2191
9491
1581
9398
6158
5580
4056
9644
8276
6538
1040
4062
2731
4257
8204
4032
7957
5679
6892
8940
5078
7793
946
3113
1438
3765
8481
7965
7271
7386
5665
8825
135
7108
5195
4915
3906
1996
8407
5185
5184
7444
8240
113
4662
5352
1633
9862
7092
8896
9839
3324
3530
9650
2722
348
2408
6212
9904
1691
8352
3311
1832
5806
4842
8159
1320
9176
7316
2631
1644
7235
2388
4993
2564
317
2876
7987
9120
4442
9784
6237
1162
5527
6678
2815
3312
1903
8243
4312
9853
8278
4302
1257
7331
5106
1676
9432
5864
1370
2183
8416
5642
9799
1683
3269
7359
2935
7503
3333
3837
6832
9604
5466
2883
6561
8557
748
6914
2852
4707
2244
4204
864
2916
1420
1783
4092
8432
722
2846
5677
8847
2762
8389
7008
1506
8099
6630
4211
69
2130
4445
5517
1933
6330
3388
686
4532
3758
8764
9409
4750
3965
177
7935
5574
7804
7048
5533
9483
4465
4415
1429
3249
7227
6786
3202
2293
7279
7950
3780
3360
8046
5043
5412
4887
7570
2155
1410
1565
7127
3537
4618
4758
7526
3663
9588
4089
4540
8585
7963
5360
8154
7680
6629
3823
4854
6164
3217
8207
1614
8649
784
3478
2412
5092
4313
117
4661
6914
1632
8894
2428
2069
6929
671
5716
620
1654
7935
6258
7694
5305
1108
8401
4771
3955
4991
319
543
6594
325
612
8876
3321
1290
6626
435
8465
1660
376
374
2845
9849
1953
6333
780
4830
4842
11
6888
1678
8913
3884
6795
9259
4265
8093
5649
4596
1401
1368
3624
4426
4404
9819
5908
6880
4035
4292
2159
3712
6079
3851
8349
9492
6331
7196
9230
3623
6189
9055
1309
8313
2781
134
2405
6040
5750
1506
2660
2658
7258
3458
8151
6724
6547
7850
3796
8941
5971
9356
6455
6452
3132
4229
6468
9874
7964
1382
4955
9518
1153
8141
6682
3748
1450
2624
444
4097
749
7510
9839
1245
725
9314
4100
8533
8708
8301
8127
7971
6326
7150
9101
4445
4230
8648
614
9095
8601
2160
8712
246
8104
8042
6371
6131
1084
4303
5251
8439
9858
7661
2808
7417
2014
6171
6737
9009
699
8935
2535
3608
1088
4846
998
382
6463
2520
7334
2712
7319
989
744
1428
4697
4088
6395
6442
7575
1286
5999
5137
6808
1819
9937
8362
2793
6818
6036
1421
5918
4814
3169
1167
197
2993
7381
4109
8091
9864
3225
3399
8856
4786
8719
5532
7430
3596
5272
9341
3023
2842
3954
7137
6084
1443
463
4885
6122
1402
6529
7357
494
7316
9345
2316
2473
2459
7438
9692
8815
3326
9699
6618
6146
1314
9554
7793
5715
1066
9180
817
5512
1630
1666
5276
7785
3483
550
7213
3253
1111
7370
5
7730
1039
314
3203
5569
527
7702
8719
1039
6509
4855
9124
7655
9378
467
4008
2261
3110
3084
2313
7399
4823
610
1141
9676
3029
7241
4566
2638
4734
4437
8072
7179
4849
8210
2936
879
2561
3872
4347
8286
456
2267
7001
3517
4437
6632
1636
4432
1971
3532
9896
5950
8056
1703
4177
6608
2791
7661
2452
5673
5202
9925
6075
8208
4335
6027
3296
648
2822
2768
7108
16
5284
7809
3021
2822
1599
9941
4538
855
2423
2943
2741
610
1333
9684
8756
8890
2275
7862
3851
8426
6311
207
7025
6179
4893
8266
5149
160
849
7306
6750
4539
6902
9758
3524
4168
7813
9772
6558
1839
5493
7339
8273
8151
4931
7661
8321
6142
7438
9752
703
9157
7666
5910
9727
3240
4320
7554
3269
235
3350
2547
556
4672
1456
9638
4498
8438
7786
3939
4148
8683
32
1906
7713
5393
5493
118
6669
4687
2748
2135
7525
3582
7911
3774
9417
3636
633
6505
3387
222
1658
9102
5811
2453
6759
6332
8252
8355
4515
7165
2431
4912
1246
9192
2746
2389
2127
3252
9132
5969
9249
3478
863
5113
6184
8027
8291
6186
5759
2977
4947
4123
1984
7871
4150
7406
6975
6486
2805
277
3539
8799
180
8289
2337
2307
4334
4245
6214
2954
9953
2969
1265
7035
8051
7307
2812
4482
8688
5887
6197
1391
3265
8039
3005
5659
2891
3982
1452
5334
2817
7343
1806
6172
2950
2867
9598
7094
4691
3286
4174
124
385
2107
8288
264
5444
2230
9156
5909
6037
919
9679
5687
8458
6279
6372
7525
9059
7034
7761
7473
5124
276
8505
7320
8650
2761
617
388
5724
2685
7338
3502
2160
1514
6450
6865
6902
7391
6582
6619
1749
1477
5040
7389
1760
4189
3481
3793
8645
9157
1588
3594
7442
7786
5911
1111
2212
6904
7686
1586
8877
9484
8558
1845
9921
4666
8698
2860
1758
3178
4710
2645
2229
8478
2670
8964
9689
8719
8001
2723
307
5252
2712
8919
4639
4612
7613
7550
9991
4579
9865
420
8874
7209
2270
6196
8905
4976
3742
4459
318
3324
534
4105
2425
565
1003
4993
56
7583
7359
3376
3490
6123
9600
7594
4400
5398
6878
207
4088
991
3766
4397
1304
7046
3055
8799
5228
4800
6400
6467
2380
471
6845
9386
900
6398
8876
3224
9473
6163
9048
2379
8165
4829
2802
7848
7752
8228
5918
6001
7467
5503
2177
562
4361
4969
5893
1291
1549
9053
5782
456
9754
6657
9740
7852
5803
7007
9462
9789
7304
3821
2367
8056
3569
4782
2480
5941
1690
8450
5298
6149
627
1672
8702
3400
7955
1892
3970
9403
5217
2428
4050
6302
8158
524
6265
1812
1538
3545
2891
5123
5569
7139
9321
9404
5866
3299
1919
4388
7612
9332
4365
4609
6502
8190
112
4224
2377
5309
2781
2483
5435
5552
9241
7144
4875
4173
1144
4980
8908
8642
7504
6064
9889
6215
2969
3369
1155
544
8947
5467
6434
7726
756
1208
2309
9732
4845
4017
5407
1254
9879
3175
8449
414
4207
7708
1318
5801
4700
5747
686
446
5449
2982
26
1407
3987
2389
113
3928
6848
2508
7630
1972
3754
8606
3159
9662
4615
5982
6969
8565
5526
5436
6213
2841
8792
7804
2177
6434
1513
9762
524
1201
5018
9577
8770
3261
908
3876
7032
8847
2250
7420
4021
4682
2131
5031
1918
3585
7587
6010
2348
7117
1694
7429
1323
8710
2472
9197
417
7998
7555
3559
9993
9469
8150
4063
3932
8295
5991
4552
620
3930
7221
5182
8716
7892
436
2472
3406
3809
197
7466
2954
8481
3842
2630
3544
40
355
1426
747
4528
5488
7493
42
6761
339
8410
1516
9728
4776
4855
9072
8029
4565
4440
3334
390
2464
2532
1213
7361
3233
4818
3769
9495
934
5812
4480
1172
7885
2624
6098
5659
65
5248
6803
631
9091
1824
5655
3244
7492
5477
5144
907
7325
3308
7319
4580
348
2336
717
2214
1979
8757
2924
130
1054
66
199
238
4185
1180
4474
1381
8188
5372
2759
9483
6812
7555
7823
3118
623
4916
9146
8377
3379
4927
6771
3762
3787
9854
1090
7059
4263
2057
663
6166
7967
5876
6464
3417
5181
5224
7863
945
820
9374
4971
2778
6704
8663
6474
4316
3979
4586
9096
9242
585
3637
9902
4356
5586
2932
7153
237
1753
7856
5038
7799
2333
2174
2048
969
3467
952
1517
3042
4142
3609
6899
8600
7557
7938
5130
8473
9695
5866
3526
2227
4197
1842
5532
1375
3811
6790
7374
3975
5381
6799
6037
6008
2107
9445
58
6867
664
9842
2593
958
4333
9618
7282
3800
3565
4054
9829
6921
3068
7416
5914
7415
9545
9385
3746
6949
2965
2646
8205
5078
9551
7545
9153
143
2061
2108
8163
203
4761
6456
2806
5464
3477
955
7085
6910
1965
9192
5150
5712
6280
4441
5270
6731
9562
8895
2291
3867
9881
5514
9153
4573
1418
5188
4676
6911
8024
5655
9663
4788
8992
5151
4911
4452
8155
4826
4440
2815
9353
60
5945
5794
5846
8208
6734
7170
5820
6472
6898
1349
3366
3237
1231
2865
6123
1282
6436
8956
239
8475
7106
9586
2066
75
9682
309
915
4803
3190
8303
2293
1446
5771
8963
5515
5761
9144
4833
6291
3880
6533
8536
2893
9291
2747
5733
1687
840
1796
7290
4966
8554
8511
3691
7219
7712
8466
1329
4559
9160
2956
1265
2836
6697
2902
4247
1146
7056
9893
9003
1907
5010
8912
214
1172
6705
9288
302
1744
7290
2728
8029
2626
1099
8842
4016
3559
8257
7060
7211
2837
5839
1037
9834
6572
1675
2112
9378
3864
7826
2188
1621
8208
3036
1765
5669
2126
7626
107
9152
5115
4396
8276
1225
7702
2911
9625
4711
7057
3059
7178
6711
2185
3963
431
6925
4768
1982
1324
4328
8712
1626
527
4915
5662
5480
3561
1655
5440
8602
5991
2638
7804
1681
9981
3746
8023
2284
158
2116
8423
8186
2762
4105
7166
912
8612
6607
9731
4614
5790
9933
638
3148
467
5368
6960
8091
2673
7554
6525
7734
8130
7468
8183
6686
3029
2748
6616
932
7694
6842
6156
5946
5638
3077
6840
3379
4448
3171
3579
8297
2682
597
7055
8829
6492
1256
2988
4872
2352
1000
4810
4960
1165
783
2848
2615
8738
235
6590
750
4748
6814
2707
7942
9796
7663
3196
7623
6696
7438
7386
4585
5908
6420
302
1424
5101
5704
6580
9621
6858
2991
9466
2334
4415
4139
6475
112
7223
100
7772
3419
2669
9316
6769
1492
2183
6155
4029
8992
8736
7523
101
4139
9457
7646
1280
4713
1547
5068
8734
4564
2579
6169
6849
132
2938
5699
3292
8892
1400
1785
9894
5665
6805
3054
8795
3110
9412
45
6944
2658
2316
4263
8784
9987
147
9480
280
9340
3545
1895
7068
9562
3823
3532
1860
3892
1107
5980
790
6337
5769
9951
8481
7491
9815
7475
5219
5361
9229
9833
7928
8082
1999
7325
2255
549
4320
6516
8987
7966
7693
7806
8499
3819
1843
314
2902
948
6157
5449
4927
6753
8287
1706
5520
5109
5640
5605
5918
648
8711
9267
8217
6451
7678
7866
6070
4244
3931
2007
6027
5074
3800
5540
5239
986
2177
4409
9691
4231
590
9326
9577
2193
7964
783
8247
5916
668
3336
6848
6737
2759
2928
6680
4682
5084
1874
4425
1974
4824
4037
5455
5276
9233
1742
4876
5837
6991
8204
8440
7330
2663
2353
873
4884
4614
1984
827
43
8390
9537
2269
9086
7424
4130
4136
4153
6254
4520
5404
5773
7931
8419
1608
9921
4810
8911
4726
8790
5856
8950
4353
6952
335
8995
4164
1088
2559
8930
5216
1126
5723
6116
3785
4916
8134
510
2254
9654
9752
9920
3027
8990
7241
5667
1372
9363
6936
924
6617
4842
6808
4205
8793
5565
4232
7275
8556
6695
5549
3018
8441
6482
9167
7156
4632
6919
45
8296
8973
9412
9901
9887
5345
3452
7172
7531
4703
3673
606
2184
2296
9404
5035
5796
8356
8869
2183
8027
310
7902
2932
3786
8122
1905
869
7189
6189
2218
457
3317
7561
2632
4018
7273
2172
1933
2946
8413
4308
2516
7570
6696
5753
4898
9134
8735
3078
7909
1023
5895
2182
6201
4198
6040
4535
4937
3586
4764
6910
2867
3487
2455
8551
820
5003
3841
4262
8419
358
942
6303
2666
5365
9007
1438
7902
8643
4322
1140
3311
5365
3060
6080
9515
8568
1078
9029
4638
2842
7037
3597
9700
4913
5491
7194
7566
988
7068
3892
9091
7732
6435
6501
94
7998
3186
4941
8821
5376
1713
6354
6874
7293
4821
3431
2122
239
3738
7096
8882
9744
2363
7807
7858
5637
1982
1911
3866
2232
3485
8779
3120
2688
3150
4841
6036
9247
2853
7800
5883
3448
2735
7555
1623
4906
5903
7105
7064
2062
7190
8866
8171
9241
7563
5417
5536
2606
5818
4609
6490
6835
2713
7389
1216
2846
4853
8159
2240
5725
3707
4644
7875
9455
8002
1723
8412
721
5094
2928
1946
2441
1792
7786
3308
7272
3184
2253
4404
2944
109
3884
9204
6403
6147
3007
4117
531
4459
4876
1943
7163
760
7301
9459
7577
7085
6303
9100
4582
1549
5338
4515
532
8858
5761
6890
4051
7087
6672
4320
15
2697
6445
6891
9706
5520
3781
1540
5057
9875
8836
1916
5630
2657
8527
2509
6842
9172
7010
1675
9004
2008
6401
1497
1011
4026
2973
2311
140
6027
7126
409
9040
5524
5879
8196
4412
4227
6930
1073
1598
4803
9529
8356
9146
2458
7990
854
2247
6715
8488
6557
2680
748
6139
990
1738
2835
9570
4697
1239
6377
7619
1859
8421
2736
1535
2705
9519
3121
828
8464
8701
6318
9841
8433
6930
6454
8942
1169
6274
5222
8694
4023
1950
1261
3514
3527
2750
2120
7427
4884
4825
1212
9099
2130
3204
67
2040
1240
1381
5421
5702
1380
498
6599
6400
2041
7291
6745
8091
1732
9809
3210
4239
1740
5841
5262
1555
2104
4625
1999
4740
5322
7510
1817
4145
6297
6128
1071
4342
7164
3154
6092
3155
4690
3922
1316
8393
8255
1737
9961
496
8273
6023
9113
4056
1665
838
8836
3018
2756
3465
9883
8921
8913
354
4740
9483
8045
3517
6394
6446
8786
5948
3041
8905
974
2495
6744
9936
7528
1599
679
6035
2157
2840
4024
2132
6232
8401
5906
6531
5873
2665
5088
2200
8124
6912
2320
4491
2850
6063
9079
1203
6557
5269
3729
5146
7148
2303
1783
2666
9415
4658
2889
886
2140
1080
9371
2343
3783
9509
8029
7058
2641
6709
2897
4706
6911
1941
2417
8359
1756
4442
2905
154
5009
945
2656
8027
7136
68
9524
7418
624
4150
5075
9519
4802
8476
4198
4934
5170
9943
5032
4010
4937
7170
8148
4861
3871
1764
8908
657
4046
8883
5702
182
3954
9766
5201
8401
8893
8820
3717
9653
9543
6014
761
9120
4786
6662
5502
9685
1355
2843
3864
6385
7644
8962
6508
8876
5487
5554
2197
430
9565
4508
9585
3868
7125
5926
8696
2142
8424
6610
8557
3150
5552
4063
9037
7230
4785
268
4517
6262
1384
8228
3696
4729
2528
1515
7981
5924
2371
9907
7919
6946
4526
9691
6862
895
205
6085
2555
8343
3557
3762
2304
7449
3056
8669
4070
877
7091
2753
656
8431
3100
5207
6533
4600
3719
192
9995
7832
7488
7979
2830
850
4258
5715
2049
5859
5358
6008
3867
1664
4712
8457
5170
5323
3947
7147
6470
1617
7596
4345
5043
36
9643
8568
5962
5088
6518
8981
8122
8908
2777
8397
4296
8607
3920
9320
5901
9837
1373
3443
5582
4316
8132
3801
4807
4935
1955
5774
2833
318
1359
7544
2515
248
1530
7930
6692
7894
1457
8974
8142
421
5058
4958
4382
2080
8970
9390
1912
3760
7724
8122
7576
5857
8942
408
3107
2034
158
5386
2428
5144
1570
3906
1458
7071
2620
5874
6951
1471
5324
7039
5867
1431
9391
6225
2022
3144
7126
2874
5765
5680
6961
4352
1116
8962
186
3977
8970
3183
2943
9426
1226
5507
1015
156
4950
9982
8965
5923
7078
3005
154
6764
5477
9812
9957
9435
596
5195
9270
8366
9016
4306
6416
730
2575
3954
6284
1344
496
9970
8426
3819
1328
290
9523
984
417
9064
6954
4914
853
4533
7424
1482
2912
8818
3799
9840
1947
8892
3598
8240
3973
9130
1883
683
9716
8375
8824
465
5849
2368
2756
232
1250
3803
1337
3196
5321
3281
3517
2515
8681
7835
1026
1196
5072
869
5737
9763
5696
4785
3316
2771
7264
8714
7928
9
3456
8947
4065
9808
2730
8604
7311
1039
2547
6816
1167
3579
6768
8894
1044
5130
678
3458
3684
7125
4074
7952
6143
393
2279
6396
7562
1051
2029
40
3802
1717
8678
9531
6428
2626
9093
2299
8994
7793
8248
2759
4631
9
2556
5123
5171
9658
9727
288
5802
9339
4608
2903
6238
582
2226
4914
9413
4028
1376
2488
454
9638
6875
6883
8157
5097
7199
704
7742
1413
1268
7106
214
1003
8031
1843
1996
824
3624
4776
4103
6466
8935
5407
1785
3789
3640
8808
2777
5019
461
5453
3279
6622
8659
5103
7800
8539
1484
207
2681
2093
2747
982
2784
3
3439
5474
8997
7287
8135
3421
8112
2956
643
6171
9589
8387
6027
3152
1642
7066
905
4379
8537
5154
929
3427
9328
9131
8001
4701
4678
8350
4963
9847
6856
2023
3439
420
3473
5100
6301
324
4665
8559
7801
8528
756
700
447
5903
9163
6831
2758
8535
2936
3381
7561
8115
8314
637
6864
6749
4569
4860
1453
857
9667
5833
4402
590
5765
9003
9616
5282
261
1693
3803
96
1228
2347
6841
1865
4641
2493
9753
6260
7697
4621
3680
4035
4154
3013
7902
676
6166
234
2544
4496
3862
5679
238
7412
2580
2824
2740
601
6858
6796
6926
9986
832
7493
5085
1841
7504
9256
342
8439
2134
5803
4522
1287
2996
9416
3088
213
4930
77
909
6640
5522
7852
2342
2392
7922
6902
4669
6702
90
9215
2039
648
6085
5342
6878
5021
4716
2388
7426
5667
4558
2102
7882
3282
8604
2616
8520
7252
8592
5384
8891
1244
5470
4772
2670
7121
9539
1786
3325
6309
2698
7722
9128
9734
5982
4425
5696
3712
4249
5157
3871
124
5258
624
4676
8106
7445
891
363
7862
1685
6224
3019
5354
6717
9468
9993
8752
2028
1783
8491
5666
2270
2817
5879
384
3423
3899
3240
9549
1034
7951
370
6551
6944
3806
1325
8625
9012
7780
462
8463
2963
761
420
9196
8962
2150
1981
4699
7343
6546
41
7177
7833
2521
1654
8683
3148
5688
3002
3818
9924
6887
5440
3335
6323
8227
5785
5756
4141
6727
8611
209
3904
9558
6888
2248
9122
4360
7757
8342
1971
2511
747
3406
6993
436
1755
4955
1785
9171
201
2073
9371
4416
8699
5537
2183
4196
5275
7904
196
9720
8976
8002
3872
4284
8731
9920
7137
6149
3581
163
2313
6017
7222
3572
9336
6712
5912
4243
6171
2129
3562
47
227
6718
1704
1544
977
2389
1304
8015
6141
7979
4103
1478
6229
879
3458
4329
2402
9073
1713
3689
9575
2637
1773
465
6739
6680
5299
4023
7429
4230
6976
8449
9727
9573
2060
7200
5379
3145
3811
6814
11
3941
8622
5088
9365
1587
3409
1095
2650
1280
9693
9545
1920
9127
6869
1607
2517
8872
4462
3115
1564
3125
6656
2689
6260
2649
4265
7214
9284
117
4241
945
5203
1640
5000
164
6899
2395
1883
3998
8046
1110
4565
7849
1528
6994
2402
972
2196
5180
4735
8644
4739
1331
6413
3268
1894
1454
9125
1205
2245
2925
9621
6347
7529
3930
8040
8775
9027
8395
4788
5538
2320
2792
4813
9789
4467
5987
1095
3874
5826
6745
7033
5958
3438
7475
7484
269
5689
3241
962
3514
364
6868
7460
3026
6368
5262
4276
6860
9530
5497
5041
9943
3588
1592
9129
1048
9926
6494
4697
654
5444
9281
591
4964
129
8330
1888
274
305
445
2454
9408
3788
8943
7873
9385
2126
5896
8207
8343
2027
55
4934
9377
5040
1068
4653
2670
4148
9974
4795
2724
5966
1434
3927
1058
160
9804
5870
9142
6561
1725
5380
5052
9833
914
6657
2675
613
8973
8029
1101
1082
7562
5974
708
1526
7879
3805
2820
3730
192
2657
9160
9459
5271
1732
4356
6048
4125
5930
3693
8718
2431
2639
1168
9079
4096
4648
5366
7130
6175
6321
8498
9724
6549
3990
5603
2507
5181
3422
6925
7138
2480
9921
2830
969
6156
4810
7168
3812
576
8583
5610
6636
5367
9021
6819
731
6734
6137
4788
2193
8276
7521
4664
1811
7901
4281
3764
9955
754
1538
4125
5722
1913
8428
842
7714
9357
1484
3415
8593
538
7177
7762
6895
39
4049
3222
9064
2144
9112
3298
1549
4958
3184
9814
8245
2086
4868
1369
1665
1003
1886
3993
238
7760
8089
9936
2547
4142
8400
5359
5017
7966
2565
8282
6331
5860
6286
7695
3731
4857
9962
7253
6772
6947
5666
1181
9654
35
9786
903
8715
5226
5222
1316
2144
6841
5769
9843
3616
5556
8201
2267
1442
9585
9887
1652
7107
5715
8906
2226
8446
5774
1891
7311
8376
2822
667
7523
8456
4649
4128
3362
899
5637
5535
6563
5142
9511
8563
7001
7340
1921
5787
7328
8816
7815
2730
2021
5276
6999
4824
274
9887
722
8614
7557
5054
7195
9007
6668
3761
6763
9001
6431
6446
3183
7675
5481
6883
3615
3497
7172
3820
3547
5914
1921
6245
1652
4475
817
746
3972
396
6451
3082
3563
5415
4186
3545
4519
8210
1082
1172
111
6602
2336
9712
9116
8111
603
1739
9300
7151
9370
5684
5397
8426
2722
5783
5563
8773
7532
1680
414
5034
6186
3489
4459
1964
8420
7327
7900
4264
4612
8006
9671
6023
729
316
2368
624
5532
3875
5452
9834
3149
1256
2851
1311
8872
7433
3761
5324
5626
2196
3465
6678
3802
7338
7158
8710
2630
7826
4496
5765
2891
8953
7255
930
1248
3096
3487
4304
3024
430
6857
605
5442
3740
1305
6797
8327
4319
3433
9382
5375
7064
2362
5891
5048
408
2513
8700
692
2567
8486
1197
4677
5395
8725
4466
5688
8550
862
9204
316
5824
4063
5917
765
9315
4396
4328
7921
8078
2280
3028
9006
5377
2003
3111
1686
607
2768
6735
9793
6786
4402
7524
5222
5032
1010
473
7973
8570
7152
6049
131
894
8435
3694
18
9490
5118
3876
3564
3593
546
4525
2781
9203
3178
3573
9723
6292
6551
182
5395
6566
1688
8270
5968
4346
8197
2891
1034
8330
1528
2777
4345
4778
6249
1027
7253
3181
6517
5189
2252
180
186
5906
3246
385
4098
5393
9561
5546
169
9826
3308
2617
6780
9391
3466
7743
3760
6078
7021
6840
6716
5154
627
1770
8933
1776
6794
2232
7972
3856
5156
3060
3813
5946
2199
9632
9407
7215
5332
6741
2315
746
4801
3805
4659
2747
3909
1274
8088
5859
7936
7450
79
9487
9029
6322
5050
6971
9268
5719
3759
2231
7128
459
1719
6775
410
8213
6853
4420
7920
6409
6016
3920
4230
2279
5215
3718
295
8576
8641
1648
9608
658
5862
2371
8721
9364
3021
8757
6233
2157
1802
959
4445
8176
9747
5869
876
1121
3320
306
2690
2859
3053
7976
8063
106
1798
9125
2628
451
9982
3881
6217
388
8643
3364
8461
4678
6401
3380
6283
4271
1049
9820
5446
7060
3230
1697
7313
4619
6637
6782
5374
1822
7382
2631
1712
4796
6331
5770
734
5721
2676
4145
8967
3654
8076
9140
4365
9147
5435
8780
3536
7073
5393
9171
232
9852
6364
5670
1229
7942
9574
8268
3606
3127
1151
1184
9645
2687
3090
3754
3660
6662
3942
5357
726
9898
9299
713
3300
8728
3871
9328
298
6615
5269
9894
6902
4461
7776
6817
7764
7621
2201
512
4865
8584
7835
2136
6010
4872
9871
4874
9087
9356
9065
2736
1290
1973
2878
6598
6294
9936
5697
6949
9278
9348
4984
9226
6980
4827
9519
6406
3066
3277
9257
4382
8976
9959
671
8915
2186
1931
2407
508
1917
5937
4433
239
6727
443
5824
3631
2968
2583
9844
3150
7409
1341
1248
7108
1719
6472
6973
7992
8419
9538
474
6459
8105
4503
8206
4132
6739
8363
8876
1765
3946
4312
5922
7917
2049
1280
8494
6439
6925
8977
7516
7312
3669
9862
7553
8278
4066
4106
2045
2011
2258
2263
3905
9193
368
6109
4333
6544
2168
5022
4020
9114
9865
9093
7151
8255
3499
9719
8106
3620
7706
6131
6671
479
287
9283
9629
8549
9753
260
2820
2149
1901
9953
7856
445
9031
3899
848
7946
8652
9478
8882
7917
2478
9885
1197
7080
2283
1974
2602
1753
2626
3487
9935
9053
9010
5831
9593
8710
1217
5162
9206
8007
6550
8517
7597
3660
9941
215
714
1958
6484
1432
2730
8052
6254
3475
6767
1693
5203
8511
5712
6938
8009
6492
9681
7649
3332
5720
6570
7067
7934
5761
7734
8743
7315
7700
5130
1880
5467
3205
9520
6265
9012
9016
5328
241
9020
4331
9594
3570
7688
8966
4130
2411
4900
2027
5720
3597
7672
1176
7763
1514
3235
7740
9657
7465
4166
9813
8333
6871
2095
8807
8454
1335
8049
2841
1256
4714
3884
8186
9234
9098
895
9441
5075
6384
390
2274
1913
8853
4273
5388
2488
7398
4836
8703
4547
7536
9652
6587
5049
4091
6293
6531
5471
8131
2365
5280
5527
1170
2947
6499
6618
425
1322
8722
3127
8669
5316
8804
9864
8974
837
1575
9357
5042
901
8686
1783
6945
6977
8329
8307
9945
2383
5436
688
1234
7836
7746
9487
9180
4757
2250
4999
5284
8974
2303
290
5766
3105
8613
8952
7724
1142
8399
7238
5780
3467
3726
8362
6335
1185
7444
957
9350
6692
1207
4557
7432
7972
6720
7894
5310
1924
1203
6365
6799
8975
3561
6137
143
7570
9577
5214
1458
5593
7606
6663
7503
8346
5938
3775
639
4584
3552
8861
1109
9221
8966
266
3367
3256
497
47
794
5062
2611
1247
7805
1728
7335
5775
8924
1033
2309
3726
6308
4755
6129
9733
8854
501
5582
9324
5189
7290
1904
1605
6441
6200
2463
3385
3126
60
2903
7502
4054
6063
7277
2930
7043
4647
524
5191
8529
8701
4140
1851
8104
9158
6084
2914
6591
5904
3415
5442
6371
2827
7994
8123
2360
4625
3717
5873
3111
7427
3144
3016
6469
2162
5877
8826
5140
6199
9675
8887
3314
527
6931
4922
8479
8455
8963
1300
2397
2640
3135
760
1360
9662
5456
5250
212
4963
3501
5428
9566
3427
3574
4431
4875
291
3823
9898
3540
4099
7497
7714
1107
2165
8636
79
1151
9546
1505
9278
3812
7416
6829
4576
2382
1577
2871
8606
6243
6802
8634
8263
7040
5726
6293
6025
4492
7751
8144
1719
4041
5953
4458
3469
856
1523
8829
2669
6140
4178
9411
9012
6503
1324
6034
4719
9937
3022
9394
9940
5560
1715
4704
8174
5841
3625
2267
8440
9643
3041
9147
4517
4916
4851
6609
986
6230
6284
7034
9737
7801
3509
9085
8171
4172
9377
1220
6120
3390
8722
6455
4902
3527
9065
4659
7260
1380
536
3722
6210
2894
3958
8564
8503
9548
1070
7556
7935
8751
7860
4069
663
5403
2262
2627
1685
8038
7274
9590
6529
2393
6506
168
250
4211
920
3768
118
4269
5344
2727
8202
5752
4089
3424
7250
8802
1559
2181
3870
408
1840
4452
426
86
9848
6264
184
5849
188
9532
2123
1909
5192
2522
2163
4498
8837
7618
5216
2305
5971
3174
4020
493
1982
4642
8234
5101
8096
5337
4285
9446
3923
6266
5431
7324
1089
4049
2327
3049
9722
1514
2029
9015
5841
5985
5877
7831
819
4853
5149
3332
6293
5163
501
5313
1418
2158
5890
111
5134
3236
8511
9275
6001
2219
5473
116
1059
7571
7461
9946
9240
6565
9081
5186
7113
7825
4676
230
2855
5526
4082
5273
8092
6441
2399
3432
7184
6680
9135
9788
901
4393
7080
4220
4079
4396
6638
9552
2371
9039
5961
7392
75
3088
3140
1178
3860
5149
8308
5683
1444
7831
2307
2581
3643
1781
8584
8102
7237
9733
9637
7385
6296
8685
4829
1086
5393
9376
2095
6244
3877
2412
1508
9279
3399
7488
4305
2933
9957
1418
4409
3938
8943
5998
2451
7147
518
3875
8771
8991
1436
8552
6311
6634
3405
5012
5216
8499
3849
6107
59
8885
2622
5052
251
4619
5678
2311
9621
2772
2610
2732
296
5911
843
5615
4695
7392
7968
6759
5892
8935
9369
5638
6922
2898
983
1666
7687
9377
4541
498
2596
5671
5455
1893
147
5368
3446
4555
6852
5150
6174
6663
468
4070
3980
4572
5394
999
110
7109
3343
5714
977
3969
5906
6261
1321
4491
837
90
1169
7351
527
2861
6607
8505
6095
2074
8947
543
1873
7940
9340
9791
6240
9619
4919
1579
8361
4757
6101
7120
6232
5141
39
5247
9426
1768
2201
1138
4030
8420
9832
4432
5536
8779
1265
1948
2690
4453
4152
2856
6657
8029
8321
9671
4866
1954
1967
2047
8736
9117
4407
8093
8324
9986
1408
9075
4639
2415
6697
6077
3878
5377
5734
1169
3082
2374
649
7012
4530
6014
5657
4649
9112
5275
2322
1860
1598
3031
9129
9661
8443
6212
6777
9120
6629
3998
9087
6113
5372
6589
4430
2510
7409
5815
8016
4892
6866
5330
3914
5635
483
1847
5243
8854
5401
6306
8657
426
5702
1302
1112
6392
8013
1517
4543
2829
8993
1629
7368
2302
3902
6503
8780
1401
99
