0
1
2
3
4
5
6
7
7
8
11
14
14
14
15
16
16
16
17
17
20
22
22
23
23
30
33
33
35
35
36
37
38
41
43
45
46
46
47
47
49
50
51
51
52
53
54
54
57
58
58
58
59
60
62
65
65
66
70
72
73
74
74
75
75
76
79
80
81
81
82
83
83
85
88
89
90
90
92
92
94
94
97
97
97
99
100
102
104
105
105
105
105
106
107
108
108
108
110
112
112
113
114
115
115
115
116
116
118
119
120
121
121
122
122
122
122
123
124
125
126
129
131
131
132
136
137
138
138
140
140
143
145
145
148
151
151
151
152
152
153
153
156
157
157
158
158
160
162
163
163
163
163
164
164
165
165
167
169
171
171
171
172
172
172
173
174
175
175
175
176
177
179
179
179
179
181
184
186
187
188
190
191
192
194
195
196
196
197
197
198
198
198
198
199
201
202
202
203
203
204
205
206
208
209
210
212
215
216
219
222
223
225
226
227
228
231
232
233
233
234
234
235
238
238
241
242
243
243
245
245
246
246
247
247
247
247
248
250
251
252
252
254
255
256
258
260
260
261
261
263
264
265
267
268
268
269
270
271
271
278
279
280
283
284
286
287
288
288
288
290
292
292
293
295
295
296
296
297
297
298
299
299
300
300
300
301
301
303
304
305
306
307
310
312
313
315
316
316
317
317
318
318
319
319
320
321
322
322
323
324
324
325
326
327
327
329
332
333
334
334
336
336
338
339
340
340
343
346
346
347
350
351
351
352
352
352
352
354
354
357
358
359
360
361
362
363
367
367
369
369
370
372
374
375
375
376
376
376
377
378
379
381
384
384
384
385
388
390
392
394
394
394
401
402
403
403
404
405
406
407
407
409
411
413
413
415
416
417
417
418
419
419
420
421
422
424
424
425
426
426
427
428
428
430
431
431
431
432
433
433
434
436
437
438
440
442
442
442
443
446
450
453
453
455
455
455
457
458
459
461
461
461
462
462
464
466
466
466
467
468
469
469
471
471
472
474
474
474
475
476
477
478
479
480
480
480
481
481
481
482
482
484
485
486
489
489
490
490
492
493
495
496
496
497
497
499
499
500
500
501
503
506
514
515
515
516
516
516
517
522
523
525
526
527
528
528
530
530
531
531
531
532
535
536
536
539
540
542
548
549
551
553
553
555
556
556
556
557
560
560
560
561
564
564
565
568
568
570
570
571
571
573
573
573
575
577
577
579
581
581
581
581
581
583
583
583
587
588
588
589
590
591
591
591
592
593
598
599
599
599
599
605
605
607
609
610
612
612
612
613
615
619
621
621
622
622
622
622
624
628
629
630
632
632
633
633
634
634
635
636
637
639
640
641
642
642
642
643
643
643
646
647
648
648
649
650
652
652
656
656
656
658
659
660
661
663
663
664
664
665
665
665
666
667
668
668
668
669
672
677
678
679
680
680
681
681
682
684
686
687
688
689
690
692
692
694
694
695
695
696
698
698
698
699
700
700
701
701
701
701
702
702
707
708
710
712
712
713
714
715
715
716
716
718
718
720
721
722
723
724
725
725
725
726
728
730
730
731
732
733
733
734
734
734
735
735
735
739
740
741
744
745
745
746
748
748
749
749
750
750
752
752
753
754
754
755
757
761
762
763
766
767
768
769
771
773
773
774
775
776
777
777
777
778
779
779
779
779
782
783
784
785
785
786
787
787
788
789
791
792
793
794
795
796
799
803
803
803
806
806
806
807
810
810
811
813
813
817
817
817
817
818
818
819
819
821
821
821
821
822
822
823
824
824
824
825
825
826
828
829
830
830
830
833
834
836
837
837
838
838
839
842
843
844
845
845
846
846
848
849
851
851
853
854
855
855
856
857
858
859
859
860
860
861
862
863
865
866
866
867
867
868
868
869
869
871
872
873
874
874
875
875
877
879
879
880
881
881
882
882
883
884
884
887
889
889
890
890
890
891
892
893
893
894
896
897
897
897
897
898
901
901
902
904
904
905
906
907
908
909
911
912
915
917
918
919
921
922
923
923
927
927
933
934
935
936
937
938
939
940
945
947
947
948
949
949
951
951
952
952
952
954
955
959
959
960
960
962
964
966
967
967
968
968
969
969
974
977
978
978
979
980
981
982
983
984
985
986
986
986
990
990
993
993
996
997
997
1001
1002
1003
1004
1004
1007
1007
1007
1008
1008
1010
1012
1013
1015
1015
1015
1015
1017
1017
1020
1021
1021
1022
1022
1023
1025
1025
1026
1026
1027
1028
1028
1029
1031
1031
1032
1033
1035
1036
1040
1040
1042
1043
1046
1047
1047
1049
1050
1051
1051
1053
1053
1053
1054
1054
1056
1057
1059
1060
1060
1061
1061
1063
1064
1064
1065
1068
1068
1069
1070
1070
1071
1072
1072
1073
1073
1074
1075
1076
1077
1077
1078
1080
1080
1081
1082
1082
1083
1085
1086
1087
1088
1088
1090
1092
1093
1093
1094
1094
1095
1095
1096
1096
1096
1097
1098
1099
1100
1101
1102
1102
1102
1108
1109
1110
1110
1113
1113
1113
1114
1116
1117
1118
1118
1119
1119
1119
1119
1120
1121
1122
1123
1125
1125
1127
1127
1129
1129
1130
1138
1139
1139
1141
1141
1141
1143
1144
1144
1147
1148
1149
1152
1153
1155
1156
1157
1157
1157
1157
1158
1158
1160
1160
1161
1161
1161
1162
1162
1162
1163
1164
1166
1166
1168
1168
1170
1171
1172
1172
1172
1175
1177
1177
1178
1179
1181
1181
1182
1182
1182
1184
1187
1189
1189
1190
1190
1191
1192
1193
1193
1194
1195
1195
1196
1197
1199
1202
1204
1204
1207
1208
1209
1211
1211
1212
1212
1212
1214
1214
1218
1218
1220
1220
1222
1222
1223
1228
1229
1231
1231
1232
1234
1240
1241
1243
1244
1244
1245
1246
1246
1250
1251
1251
1253
1254
1255
1257
1257
1258
1258
1259
1259
1259
1260
1262
1263
1263
1266
1267
1268
1269
1270
1271
1272
1272
1273
1277
1279
1279
1279
1280
1281
1281
1282
1282
1283
1283
1283
1284
1285
1286
1286
1288
1292
1293
1293
1293
1294
1294
1294
1294
1296
1296
1297
1297
1298
1299
1302
1302
1303
1304
1305
1306
1306
1308
1308
1310
1315
1315
1315
1316
1317
1317
1318
1319
1323
1323
1323
1326
1326
1327
1327
1327
1328
1329
1330
1331
1332
1333
1334
1335
1337
1338
1339
1339
1340
1340
1341
1342
1342
1343
1343
1344
1350
1350
1351
1352
1353
1354
1356
1358
1358
1359
1359
1360
1360
1363
1364
1365
1368
1369
1370
1371
1374
1375
1375
1376
1376
1377
1380
1386
1388
1389
1392
1393
1395
1397
1398
1398
1399
1400
1401
1402
1404
1405
1405
1406
1408
1409
1410
1410
1411
1411
1413
1413
1415
1417
1419
1419
1420
1421
1421
1422
1423
1425
1425
1425
1431
1432
1433
1434
1437
1437
1438
1438
1439
1442
1443
1445
1445
1445
1446
1447
1449
1450
1450
1452
1452
1454
1455
1458
1458
1458
1461
1461
1463
1469
1470
1470
1470
1471
1471
1471
1472
1472
1473
1476
1476
1476
1478
1478
1481
1481
1482
1482
1483
1484
1484
1485
1486
1488
1489
1491
1492
1492
1492
1492
1492
1493
1493
1494
1495
1495
1496
1497
1498
1500
1502
1502
1502
1503
1504
1507
1508
1511
1511
1512
1512
1512
1519
1520
1521
1523
1529
1530
1531
1533
1535
1535
1536
1537
1539
1539
1540
1541
1542
1544
1546
1546
1546
1546
1546
1547
1548
1549
1551
1553
1555
1556
1556
1557
1558
1558
1558
1559
1559
1559
1560
1561
1561
1561
1562
1563
1564
1564
1567
1569
1569
1569
1572
1573
1573
1573
1575
1576
1577
1580
1581
1581
1582
1582
1583
1586
1587
1588
1589
1593
1595
1595
1597
1597
1598
1599
1600
1603
1604
1604
1605
1605
1607
1608
1611
1611
1611
1612
1612
1613
1614
1614
1615
1615
1615
1618
1618
1618
1620
1621
1621
1622
1622
1623
1624
1627
1630
1632
1634
1635
1635
1636
1636
1637
1638
1639
1639
1639
1639
1640
1641
1642
1642
1643
1644
1644
1645
1645
1651
1653
1656
1657
1658
1660
1661
1662
1663
1663
1663
1665
1665
1665
1668
1669
1669
1670
1672
1673
1673
1676
1677
1677
1677
1678
1678
1679
1683
1684
1684
1686
1687
1688
1689
1694
1695
1697
1698
1698
1699
1699
1699
1699
1701
1704
1704
1705
1707
1708
1709
1711
1712
1712
1712
1714
1715
1715
1717
1718
1718
1719
1720
1722
1723
1723
1724
1724
1724
1725
1726
1726
1731
1731
1732
1733
1733
1734
1734
1734
1737
1737
1737
1741
1742
1744
1744
1745
1745
1746
1747
1750
1752
1752
1754
1754
1757
1757
1757
1758
1758
1758
1759
1760
1761
1761
1761
1763
1764
1765
1765
1765
1767
1768
1770
1771
1771
1773
1773
1774
1774
1775
1775
1777
1778
1778
1779
1785
1785
1786
1787
1787
1789
1790
1790
1791
1792
1794
1795
1795
1797
1798
1798
1799
1799
1800
1801
1801
1803
1803
1804
1804
1804
1804
1805
1805
1807
1807
1808
1809
1810
1810
1810
1812
1812
1813
1814
1815
1816
1816
1817
1818
1818
1821
1822
1823
1823
1824
1824
1825
1829
1829
1830
1832
1833
1834
1834
1834
1835
1836
1836
1837
1838
1839
1840
1841
1842
1842
1844
1844
1844
1844
1844
1845
1849
1850
1851
1851
1851
1852
1854
1854
1855
1856
1856
1858
1858
1858
1861
1862
1863
1863
1865
1865
1867
1867
1869
1870
1873
1877
1879
1879
1879
1880
1880
1880
1881
1881
1882
1883
1883
1884
1885
1886
1886
1888
1889
1890
1892
1893
1895
1899
1899
1900
1903
1904
1904
1904
1905
1906
1906
1907
1907
1907
1909
1911
1913
1914
1915
1916
1917
1917
1917
1918
1919
1919
1920
1920
1921
1921
1922
1925
1927
1932
1932
1933
1933
1934
1934
1935
1935
1936
1936
1939
1939
1940
1940
1942
1943
1943
1944
1944
1945
1945
1946
1947
1948
1950
1951
1952
1953
1956
1956
1957
1957
1957
1958
1958
1959
1961
1961
1962
1963
1964
1964
1965
1965
1966
1967
1967
1969
1970
1970
1970
1971
1971
1972
1972
1973
1974
1974
1975
1976
1978
1980
1981
1983
1983
1986
1986
1987
1988
1991
1992
1992
1993
1993
1994
1996
1997
1997
1997
1997
1997
1998
1998
1998
2000
2000
2001
2001
2002
2003
2004
2004
2004
2004
2005
2005
2006
2008
2010
2010
2011
2011
2011
2012
2016
2016
2017
2017
2017
2017
2020
2021
2022
2024
2024
2026
2026
2027
2028
2028
2029
2030
2030
2031
2031
2035
2037
2039
2040
2040
2042
2042
2042
2043
2044
2045
2045
2045
2047
2050
2051
2052
2053
2053
2054
2055
2057
2058
2060
2061
2063
2064
2068
2069
2070
2070
2072
2074
2075
2075
2075
2077
2080
2082
2082
2084
2085
2086
2091
2091
2091
2091
2091
2091
2092
2092
2093
2094
2096
2101
2101
2102
2104
2105
2105
2107
2107
2108
2109
2110
2110
2111
2112
2113
2115
2115
2116
2116
2116
2118
2119
2121
2124
2124
2126
2127
2128
2128
2129
2129
2130
2130
2130
2130
2131
2132
2133
2134
2137
2139
2140
2144
2145
2145
2145
2147
2148
2150
2152
2152
2152
2153
2153
2154
2157
2157
2158
2158
2158
2159
2161
2164
2165
2166
2167
2167
2167
2168
2168
2168
2169
2169
2169
2170
2170
2171
2174
2174
2176
2177
2178
2180
2180
2181
2182
2186
2188
2189
2189
2190
2191
2192
2193
2193
2193
2195
2195
2197
2199
2200
2202
2204
2204
2205
2205
2205
2205
2206
2208
2209
2211
2211
2215
2216
2216
2216
2216
2218
2219
2224
2226
2227
2228
2230
2230
2230
2231
2233
2234
2234
2234
2235
2236
2240
2241
2243
2243
2244
2246
2246
2249
2250
2250
2250
2252
2256
2256
2256
2259
2260
2264
2271
2271
2272
2273
2274
2275
2275
2276
2277
2277
2278
2278
2278
2279
2282
2284
2287
2288
2288
2289
2289
2289
2289
2292
2292
2292
2293
2294
2295
2297
2299
2299
2299
2300
2302
2306
2307
2307
2308
2308
2308
2309
2310
2310
2311
2311
2312
2314
2316
2316
2316
2317
2318
2320
2321
2323
2324
2325
2326
2326
2326
2326
2326
2331
2331
2331
2332
2333
2334
2335
2337
2337
2337
2337
2340
2342
2344
2345
2346
2346
2347
2348
2348
2350
2350
2351
2352
2353
2353
2355
2356
2359
2360
2361
2362
2363
2364
2365
2367
2367
2368
2369
2373
2373
2374
2374
2376
2378
2380
2381
2381
2381
2385
2385
2386
2387
2389
2390
2392
2392
2394
2395
2395
2397
2402
2403
2403
2403
2404
2404
2407
2407
2411
2412
2414
2415
2415
2417
2419
2420
2420
2422
2423
2424
2425
2426
2429
2430
2432
2433
2434
2436
2437
2438
2438
2441
2442
2442
2443
2443
2444
2444
2444
2445
2448
2450
2451
2456
2457
2462
2462
2463
2463
2463
2463
2464
2465
2465
2467
2468
2471
2471
2475
2475
2475
2476
2477
2477
2483
2483
2484
2484
2486
2487
2488
2488
2489
2490
2491
2492
2493
2495
2495
2496
2497
2497
2498
2499
2502
2505
2505
2505
2505
2507
2508
2508
2509
2510
2511
2512
2514
2514
2515
2515
2516
2516
2516
2517
2518
2520
2522
2523
2525
2526
2528
2528
2528
2528
2529
2529
2530
2531
2532
2532
2533
2533
2535
2536
2536
2537
2537
2539
2540
2541
2545
2548
2548
2550
2551
2553
2554
2555
2556
2557
2558
2559
2559
2560
2560
2561
2562
2563
2563
2565
2568
2568
2568
2569
2571
2572
2572
2572
2572
2573
2573
2575
2578
2578
2578
2581
2582
2582
2583
2584
2585
2591
2591
2591
2592
2592
2595
2595
2598
2602
2603
2604
2604
2604
2604
2605
2605
2606
2607
2608
2609
2610
2616
2617
2618
2619
2619
2619
2620
2620
2620
2621
2622
2623
2623
2624
2624
2624
2625
2625
2625
2626
2626
2626
2630
2631
2632
2633
2633
2634
2634
2635
2635
2636
2636
2637
2639
2640
2641
2642
2645
2645
2646
2648
2649
2649
2649
2650
2651
2653
2654
2654
2655
2655
2655
2657
2658
2658
2660
2661
2663
2664
2664
2664
2665
2666
2667
2669
2669
2670
2673
2673
2673
2675
2676
2678
2679
2681
2686
2690
2692
2693
2693
2695
2695
2697
2699
2699
2699
2700
2701
2701
2702
2703
2703
2703
2704
2707
2708
2708
2709
2709
2711
2712
2713
2713
2713
2714
2714
2715
2715
2716
2718
2718
2718
2719
2720
2723
2723
2723
2724
2726
2726
2727
2728
2728
2729
2730
2731
2731
2732
2732
2732
2734
2734
2737
2738
2738
2738
2738
2739
2739
2739
2740
2741
2741
2742
2742
2743
2743
2744
2745
2747
2748
2748
2749
2750
2750
2750
2750
2751
2753
2754
2754
2755
2755
2757
2757
2760
2760
2761
2763
2763
2763
2764
2764
2765
2765
2765
2768
2769
2770
2771
2772
2772
2773
2775
2776
2777
2778
2779
2780
2783
2783
2783
2783
2783
2784
2784
2784
2785
2791
2792
2792
2793
2794
2795
2796
2796
2796
2796
2797
2798
2799
2799
2800
2801
2801
2802
2808
2809
2809
2809
2811
2812
2812
2812
2813
2813
2814
2816
2817
2817
2819
2819
2820
2821
2822
2823
2824
2824
2825
2829
2829
2832
2832
2832
2833
2833
2835
2835
2838
2838
2838
2840
2841
2841
2841
2843
2844
2845
2847
2848
2849
2849
2850
2851
2852
2853
2856
2859
2861
2862
2863
2865
2865
2867
2867
2868
2869
2869
2869
2870
2873
2874
2874
2875
2875
2876
2879
2880
2880
2883
2884
2885
2886
2887
2888
2888
2888
2888
2888
2892
2893
2893
2894
2896
2896
2897
2897
2899
2899
2902
2902
2902
2906
2906
2909
2910
2911
2912
2912
2914
2916
2916
2917
2918
2918
2923
2923
2925
2926
2928
2928
2929
2930
2932
2933
2934
2934
2935
2936
2938
2938
2939
2939
2940
2941
2941
2941
2942
2942
2942
2943
2944
2944
2944
2944
2946
2946
2951
2952
2952
2953
2953
2953
2954
2954
2955
2956
2956
2957
2957
2957
2958
2959
2962
2963
2964
2965
2965
2966
2966
2966
2966
2966
2967
2968
2968
2969
2969
2969
2970
2970
2972
2974
2974
2976
2977
2979
2980
2980
2981
2981
2981
2983
2984
2984
2984
2985
2985
2990
2990
2991
2991
2992
2993
2994
2994
2997
2997
2998
2998
2999
3001
3002
3003
3005
3008
3009
3009
3010
3010
3011
3012
3013
3013
3013
3014
3014
3018
3019
3019
3019
3020
3022
3023
3023
3024
3025
3026
3027
3029
3030
3031
3032
3033
3034
3035
3035
3036
3037
3037
3040
3042
3045
3046
3046
3047
3048
3049
3049
3050
3051
3051
3053
3055
3057
3060
3061
3061
3061
3061
3062
3063
3064
3067
3068
3068
3070
3071
3071
3071
3072
3072
3073
3073
3074
3075
3076
3076
3076
3077
3079
3079
3079
3079
3080
3081
3083
3085
3085
3085
3087
3087
3089
3091
3092
3092
3092
3094
3094
3094
3096
3096
3096
3096
3098
3099
3099
3100
3100
3101
3101
3101
3101
3101
3102
3103
3105
3105
3106
3106
3108
3109
3109
3109
3110
3110
3111
3112
3112
3115
3117
3118
3119
3120
3120
3120
3123
3123
3124
3124
3124
3124
3124
3124
3124
3125
3126
3127
3127
3127
3128
3132
3135
3137
3138
3139
3140
3141
3141
3143
3145
3146
3147
3148
3148
3149
3149
3151
3151
3152
3152
3153
3154
3154
3154
3154
3155
3155
3155
3155
3156
3157
3158
3158
3159
3161
3162
3163
3163
3163
3164
3164
3165
3165
3165
3166
3166
3168
3170
3170
3171
3173
3175
3176
3177
3178
3179
3180
3183
3184
3184
3185
3186
3187
3188
3189
3189
3191
3192
3192
3192
3194
3194
3197
3198
3198
3200
3201
3201
3202
3202
3203
3206
3207
3208
3209
3211
3212
3214
3215
3216
3220
3221
3221
3222
3223
3224
3225
3225
3225
3228
3228
3229
3230
3230
3230
3234
3236
3237
3238
3238
3240
3240
3240
3240
3240
3242
3243
3243
3244
3245
3245
3246
3248
3250
3250
3251
3252
3253
3253
3253
3254
3255
3256
3257
3258
3259
3259
3261
3261
3265
3265
3268
3272
3272
3272
3272
3273
3275
3276
3276
3278
3278
3279
3279
3280
3280
3281
3282
3285
3287
3288
3288
3288
3288
3291
3292
3292
3292
3294
3294
3296
3297
3298
3301
3301
3301
3301
3301
3303
3303
3303
3304
3304
3304
3306
3306
3306
3307
3307
3307
3311
3315
3316
3316
3316
3317
3317
3319
3321
3321
3322
3323
3323
3324
3324
3324
3324
3325
3325
3329
3330
3331
3334
3335
3335
3335
3336
3337
3337
3338
3339
3342
3342
3343
3344
3344
3345
3346
3346
3347
3347
3349
3350
3350
3351
3353
3355
3356
3356
3357
3358
3359
3359
3363
3364
3364
3365
3365
3365
3367
3367
3367
3367
3369
3373
3375
3375
3375
3376
3377
3377
3378
3379
3379
3379
3380
3380
3382
3382
3384
3384
3390
3395
3395
3396
3396
3397
3398
3398
3398
3399
3400
3400
3404
3404
3406
3406
3408
3408
3408
3409
3410
3410
3411
3411
3411
3411
3413
3413
3414
3414
3416
3416
3416
3417
3419
3419
3423
3424
3424
3425
3426
3426
3427
3429
3431
3432
3432
3432
3433
3433
3435
3436
3437
3438
3439
3439
3440
3443
3443
3443
3444
3445
3446
3446
3447
3451
3451
3452
3452
3454
3454
3456
3457
3457
3457
3458
3459
3461
3462
3463
3463
3463
3468
3468
3468
3469
3471
3472
3473
3473
3475
3476
3477
3478
3479
3479
3480
3480
3482
3482
3483
3484
3485
3485
3485
3486
3487
3488
3488
3488
3488
3489
3489
3489
3490
3490
3492
3492
3492
3494
3495
3496
3498
3498
3498
3500
3500
3502
3502
3504
3505
3507
3507
3509
3509
3509
3510
3513
3514
3514
3515
3516
3517
3519
3521
3522
3522
3524
3524
3525
3525
3525
3526
3527
3528
3529
3529
3529
3530
3536
3536
3537
3537
3538
3538
3539
3541
3541
3541
3542
3542
3543
3543
3544
3544
3545
3546
3548
3548
3548
3549
3550
3551
3553
3553
3555
3555
3555
3555
3557
3558
3559
3560
3562
3562
3562
3565
3566
3566
3567
3568
3568
3568
3568
3568
3568
3568
3569
3570
3571
3571
3572
3573
3573
3573
3574
3574
3574
3576
3576
3576
3580
3582
3583
3585
3586
3586
3587
3588
3589
3591
3591
3592
3594
3595
3595
3597
3599
3600
3600
3601
3601
3602
3602
3603
3605
3606
3607
3608
3610
3610
3610
3610
3611
3612
3612
3613
3614
3615
3619
3619
3620
3620
3621
3621
3622
3622
3622
3622
3622
3623
3625
3625
3626
3626
3627
3627
3627
3627
3628
3631
3631
3631
3631
3632
3632
3632
3633
3635
3635
3637
3639
3641
3642
3644
3645
3645
3645
3646
3646
3646
3647
3647
3648
3648
3649
3655
3655
3656
3657
3661
3664
3665
3666
3667
3668
3669
3669
3669
3670
3670
3671
3675
3677
3680
3681
3681
3681
3682
3683
3684
3684
3684
3684
3688
3688
3688
3690
3690
3691
3694
3697
3698
3698
3700
3701
3702
3702
3703
3705
3705
3706
3709
3709
3710
3710
3711
3713
3716
3721
3721
3722
3722
3722
3723
3723
3724
3725
3726
3726
3728
3730
3732
3732
3733
3733
3733
3734
3735
3735
3735
3735
3736
3736
3738
3740
3740
3741
3743
3744
3745
3745
3745
3746
3746
3746
3748
3748
3748
3749
3750
3752
3752
3753
3753
3753
3755
3757
3758
3760
3762
3762
3763
3766
3767
3768
3768
3769
3769
3769
3769
3771
3771
3771
3772
3772
3774
3775
3778
3778
3780
3781
3783
3783
3783
3783
3784
3787
3789
3789
3790
3792
3793
3793
3793
3795
3795
3796
3796
3796
3797
3798
3798
3798
3800
3801
3801
3803
3803
3803
3805
3807
3807
3808
3809
3810
3812
3812
3813
3816
3817
3817
3818
3819
3820
3820
3820
3821
3822
3822
3825
3830
3832
3832
3833
3834
3834
3835
3835
3835
3836
3837
3842
3846
3847
3849
3849
3857
3857
3859
3860
3862
3863
3864
3864
3865
3865
3867
3868
3871
3871
3872
3872
3874
3874
3875
3875
3875
3875
3878
3879
3880
3881
3883
3883
3883
3884
3884
3884
3887
3888
3889
3889
3889
3890
3892
3894
3894
3897
3898
3900
3900
3903
3903
3904
3906
3906
3906
3907
3908
3909
3909
3910
3911
3912
3914
3919
3921
3921
3922
3923
3924
3925
3926
3928
3930
3931
3932
3934
3934
3935
3937
3938
3938
3939
3940
3941
3942
3943
3944
3944
3945
3946
3948
3949
3949
3949
3950
3951
3951
3952
3953
3954
3955
3955
3957
3958
3959
3959
3960
3960
3961
3961
3961
3962
3962
3963
3964
3964
3967
3969
3969
3972
3972
3972
3972
3973
3973
3975
3975
3975
3976
3978
3978
3979
3979
3979
3979
3980
3982
3983
3983
3986
3986
3988
3988
3989
3989
3992
3994
3994
3996
3996
3997
3997
3997
3998
3999
4000
4000
4000
4002
4003
4003
4005
4005
4006
4006
4006
4007
4009
4009
4010
4010
4011
4012
4015
4017
4018
4018
4019
4019
4019
4019
4020
4020
4022
4022
4022
4023
4024
4024
4025
4026
4026
4027
4028
4031
4031
4031
4033
4033
4035
4035
4037
4043
4043
4044
4046
4047
4047
4047
4048
4049
4051
4051
4052
4054
4054
4054
4055
4056
4059
4062
4064
4064
4065
4065
4066
4066
4067
4067
4067
4069
4069
4070
4073
4073
4075
4075
4078
4079
4079
4080
4082
4083
4083
4084
4084
4086
4088
4088
4092
4093
4093
4093
4094
4095
4095
4098
4099
4101
4102
4103
4104
4105
4106
4107
4107
4108
4108
4110
4110
4110
4111
4111
4111
4114
4114
4114
4114
4115
4115
4116
4118
4120
4121
4123
4126
4127
4128
4129
4129
4130
4130
4131
4132
4133
4133
4133
4134
4134
4135
4136
4136
4137
4138
4139
4140
4140
4141
4143
4143
4145
4146
4146
4146
4148
4150
4151
4152
4153
4153
4154
4157
4157
4159
4162
4162
4163
4163
4164
4165
4165
4165
4165
4166
4166
4166
4170
4171
4172
4172
4172
4173
4174
4176
4176
4176
4178
4179
4182
4182
4182
4183
4184
4184
4186
4186
4187
4188
4188
4188
4189
4189
4189
4191
4191
4195
4196
4197
4198
4198
4201
4201
4202
4202
4203
4204
4206
4208
4209
4210
4211
4211
4212
4212
4216
4219
4219
4221
4221
4222
4223
4225
4226
4227
4228
4229
4230
4230
4232
4234
4235
4235
4237
4238
4238
4242
4243
4244
4244
4244
4247
4247
4248
4250
4251
4253
4254
4255
4256
4256
4256
4256
4256
4257
4257
4258
4258
4260
4261
4261
4262
4263
4263
4263
4264
4264
4265
4265
4267
4267
4272
4272
4273
4273
4275
4277
4280
4280
4284
4284
4285
4285
4286
4288
4288
4288
4288
4289
4289
4290
4290
4292
4292
4294
4296
4297
4298
4299
4299
4300
4302
4303
4306
4309
4310
4310
4311
4312
4312
4313
4313
4313
4313
4313
4314
4315
4318
4318
4320
4321
4321
4321
4321
4322
4323
4323
4323
4324
4325
4327
4327
4328
4328
4330
4332
4333
4334
4334
4334
4336
4336
4337
4341
4341
4342
4342
4342
4342
4343
4343
4345
4346
4346
4346
4347
4348
4348
4351
4352
4353
4353
4353
4354
4355
4357
4357
4357
4357
4362
4363
4364
4364
4364
4365
4365
4366
4367
4368
4369
4371
4371
4372
4377
4377
4380
4380
4380
4380
4382
4384
4385
4386
4387
4387
4388
4388
4389
4389
4392
4393
4394
4394
4394
4397
4400
4402
4403
4404
4404
4405
4407
4408
4408
4409
4410
4410
4410
4412
4412
4414
4415
4415
4415
4416
4416
4417
4421
4423
4423
4425
4426
4426
4426
4428
4429
4430
4430
4431
4434
4437
4437
4439
4440
4440
4442
4442
4442
4444
4444
4444
4450
4450
4450
4451
4454
4455
4455
4456
4458
4458
4461
4462
4462
4464
4467
4467
4468
4468
4468
4470
4470
4470
4472
4475
4477
4481
4482
4482
4488
4490
4490
4495
4496
4497
4497
4497
4497
4499
4500
4502
4502
4504
4504
4505
4508
4509
4509
4512
4513
4513
4516
4517
4520
4520
4522
4522
4523
4523
4524
4526
4527
4527
4528
4528
4528
4529
4530
4531
4531
4532
4533
4535
4535
4536
4537
4538
4542
4543
4544
4544
4544
4544
4544
4545
4545
4547
4548
4548
4548
4548
4550
4550
4550
4551
4551
4551
4552
4552
4555
4556
4557
4559
4560
4561
4563
4567
4568
4569
4569
4574
4574
4575
4575
4577
4577
4582
4584
4584
4587
4587
4588
4589
4589
4589
4592
4593
4595
4596
4596
4598
4600
4604
4604
4606
4606
4607
4607
4608
4610
4611
4612
4612
4613
4613
4614
4615
4615
4615
4615
4619
4620
4620
4625
4625
4625
4627
4628
4631
4633
4633
4634
4635
4637
4638
4639
4639
4640
4640
4641
4644
4645
4646
4647
4650
4651
4653
4653
4655
4657
4657
4658
4659
4659
4660
4660
4661
4661
4662
4663
4663
4663
4663
4664
4665
4665
4667
4668
4671
4671
4673
4674
4675
4677
4678
4678
4680
4681
4682
4684
4685
4685
4686
4687
4689
4690
4691
4691
4693
4694
4695
4695
4697
4700
4701
4702
4709
4710
4710
4710
4711
4711
4713
4714
4714
4714
4715
4717
4719
4719
4720
4721
4723
4724
4724
4724
4725
4726
4728
4729
4729
4730
4730
4731
4731
4731
4732
4733
4734
4735
4736
4736
4736
4737
4740
4740
4740
4741
4741
4742
4746
4747
4749
4750
4750
4751
4752
4752
4752
4754
4758
4759
4759
4759
4759
4761
4761
4762
4762
4764
4765
4765
4766
4766
4766
4768
4768
4769
4769
4770
4770
4770
4771
4774
4774
4776
4776
4776
4777
4777
4779
4780
4781
4781
4782
4782
4785
4785
4791
4791
4791
4791
4792
4792
4794
4794
4796
4797
4799
4800
4800
4800
4801
4804
4804
4804
4805
4806
4806
4807
4807
4808
4809
4810
4813
4814
4816
4818
4819
4821
4823
4823
4825
4826
4827
4827
4829
4830
4832
4833
4834
4834
4834
4835
4836
4836
4836
4836
4837
4837
4838
4839
4840
4842
4843
4844
4845
4845
4845
4846
4850
4853
4853
4856
4856
4858
4859
4860
4860
4860
4860
4861
4864
4864
4864
4865
4865
4865
4866
4866
4866
4867
4868
4869
4871
4872
4873
4874
4874
4876
4876
4876
4881
4881
4881
4882
4884
4884
4884
4885
4885
4886
4886
4887
4887
4888
4888
4888
4888
4889
4889
4890
4891
4891
4891
4894
4895
4896
4897
4897
4897
4898
4900
4900
4900
4901
4901
4903
4903
4903
4904
4904
4904
4905
4906
4906
4906
4908
4908
4911
4911
4912
4912
4912
4914
4915
4917
4917
4918
4919
4920
4921
4922
4925
4925
4926
4927
4927
4927
4928
4928
4930
4930
4930
4931
4931
4932
4934
4937
4937
4939
4941
4942
4943
4943
4943
4944
4944
4945
4948
4949
4949
4950
4951
4951
4952
4952
4953
4954
4955
4955
4956
4956
4957
4960
4960
4961
4963
4964
4964
4967
4967
4967
4971
4972
4973
4974
4976
4976
4978
4980
4980
4980
4984
4984
4986
4986
4986
4986
4987
4987
4987
4989
4989
4989
4990
4992
4992
4992
4992
4994
4999
