4999
4994
4992
4992
4992
4992
4990
4989
4989
4989
4987
4987
4987
4986
4986
4986
4986
4984
4984
4980
4980
4980
4978
4976
4976
4974
4973
4972
4971
4967
4967
4967
4964
4964
4963
4961
4960
4960
4957
4956
4956
4955
4955
4954
4953
4952
4952
4951
4951
4950
4949
4949
4948
4945
4944
4944
4943
4943
4943
4942
4941
4939
4937
4937
4934
4932
4931
4931
4930
4930
4930
4928
4928
4927
4927
4927
4926
4925
4925
4922
4921
4920
4919
4918
4917
4917
4915
4914
4912
4912
4912
4911
4911
4908
4908
4906
4906
4906
4905
4904
4904
4904
4903
4903
4903
4901
4901
4900
4900
4900
4898
4897
4897
4897
4896
4895
4894
4891
4891
4891
4890
4889
4889
4888
4888
4888
4888
4887
4887
4886
4886
4885
4885
4884
4884
4884
4882
4881
4881
4881
4876
4876
4876
4874
4874
4873
4872
4871
4869
4868
4867
4866
4866
4866
4865
4865
4865
4864
4864
4864
4861
4860
4860
4860
4860
4859
4858
4856
4856
4853
4853
4850
4846
4845
4845
4845
4844
4843
4842
4840
4839
4838
4837
4837
4836
4836
4836
4836
4835
4834
4834
4834
4833
4832
4830
4829
4827
4827
4826
4825
4823
4823
4821
4819
4818
4816
4814
4813
4810
4809
4808
4807
4807
4806
4806
4805
4804
4804
4804
4801
4800
4800
4800
4799
4797
4796
4794
4794
4792
4792
4791
4791
4791
4791
4785
4785
4782
4782
4781
4781
4780
4779
4777
4777
4776
4776
4776
4774
4774
4771
4770
4770
4770
4769
4769
4768
4768
4766
4766
4766
4765
4765
4764
4762
4762
4761
4761
4759
4759
4759
4759
4758
4754
4752
4752
4752
4751
4750
4750
4749
4747
4746
4742
4741
4741
4740
4740
4740
4737
4736
4736
4736
4735
4734
4733
4732
4731
4731
4731
4730
4730
4729
4729
4728
4726
4725
4724
4724
4724
4723
4721
4720
4719
4719
4717
4715
4714
4714
4714
4713
4711
4711
4710
4710
4710
4709
4702
4701
4700
4697
4695
4695
4694
4693
4691
4691
4690
4689
4687
4686
4685
4685
4684
4682
4681
4680
4678
4678
4677
4675
4674
4673
4671
4671
4668
4667
4665
4665
4664
4663
4663
4663
4663
4662
4661
4661
4660
4660
4659
4659
4658
4657
4657
4655
4653
4653
4651
4650
4647
4646
4645
4644
4641
4640
4640
4639
4639
4638
4637
4635
4634
4633
4633
4631
4628
4627
4625
4625
4625
4620
4620
4619
4615
4615
4615
4615
4614
4613
4613
4612
4612
4611
4610
4608
4607
4607
4606
4606
4604
4604
4600
4598
4596
4596
4595
4593
4592
4589
4589
4589
4588
4587
4587
4584
4584
4582
4577
4577
4575
4575
4574
4574
4569
4569
4568
4567
4563
4561
4560
4559
4557
4556
4555
4552
4552
4551
4551
4551
4550
4550
4550
4548
4548
4548
4548
4547
4545
4545
4544
4544
4544
4544
4544
4543
4542
4538
4537
4536
4535
4535
4533
4532
4531
4531
4530
4529
4528
4528
4528
4527
4527
4526
4524
4523
4523
4522
4522
4520
4520
4517
4516
4513
4513
4512
4509
4509
4508
4505
4504
4504
4502
4502
4500
4499
4497
4497
4497
4497
4496
4495
4490
4490
4488
4482
4482
4481
4477
4475
4472
4470
4470
4470
4468
4468
4468
4467
4467
4464
4462
4462
4461
4458
4458
4456
4455
4455
4454
4451
4450
4450
4450
4444
4444
4444
4442
4442
4442
4440
4440
4439
4437
4437
4434
4431
4430
4430
4429
4428
4426
4426
4426
4425
4423
4423
4421
4417
4416
4416
4415
4415
4415
4414
4412
4412
4410
4410
4410
4409
4408
4408
4407
4405
4404
4404
4403
4402
4400
4397
4394
4394
4394
4393
4392
4389
4389
4388
4388
4387
4387
4386
4385
4384
4382
4380
4380
4380
4380
4377
4377
4372
4371
4371
4369
4368
4367
4366
4365
4365
4364
4364
4364
4363
4362
4357
4357
4357
4357
4355
4354
4353
4353
4353
4352
4351
4348
4348
4347
4346
4346
4346
4345
4343
4343
4342
4342
4342
4342
4341
4341
4337
4336
4336
4334
4334
4334
4333
4332
4330
4328
4328
4327
4327
4325
4324
4323
4323
4323
4322
4321
4321
4321
4321
4320
4318
4318
4315
4314
4313
4313
4313
4313
4313
4312
4312
4311
4310
4310
4309
4306
4303
4302
4300
4299
4299
4298
4297
4296
4294
4292
4292
4290
4290
4289
4289
4288
4288
4288
4288
4286
4285
4285
4284
4284
4280
4280
4277
4275
4273
4273
4272
4272
4267
4267
4265
4265
4264
4264
4263
4263
4263
4262
4261
4261
4260
4258
4258
4257
4257
4256
4256
4256
4256
4256
4255
4254
4253
4251
4250
4248
4247
4247
4244
4244
4244
4243
4242
4238
4238
4237
4235
4235
4234
4232
4230
4230
4229
4228
4227
4226
4225
4223
4222
4221
4221
4219
4219
4216
4212
4212
4211
4211
4210
4209
4208
4206
4204
4203
4202
4202
4201
4201
4198
4198
4197
4196
4195
4191
4191
4189
4189
4189
4188
4188
4188
4187
4186
4186
4184
4184
4183
4182
4182
4182
4179
4178
4176
4176
4176
4174
4173
4172
4172
4172
4171
4170
4166
4166
4166
4165
4165
4165
4165
4164
4163
4163
4162
4162
4159
4157
4157
4154
4153
4153
4152
4151
4150
4148
4146
4146
4146
4145
4143
4143
4141
4140
4140
4139
4138
4137
4136
4136
4135
4134
4134
4133
4133
4133
4132
4131
4130
4130
4129
4129
4128
4127
4126
4123
4121
4120
4118
4116
4115
4115
4114
4114
4114
4114
4111
4111
4111
4110
4110
4110
4108
4108
4107
4107
4106
4105
4104
4103
4102
4101
4099
4098
4095
4095
4094
4093
4093
4093
4092
4088
4088
4086
4084
4084
4083
4083
4082
4080
4079
4079
4078
4075
4075
4073
4073
4070
4069
4069
4067
4067
4067
4066
4066
4065
4065
4064
4064
4062
4059
4056
4055
4054
4054
4054
4052
4051
4051
4049
4048
4047
4047
4047
4046
4044
4043
4043
4037
4035
4035
4033
4033
4031
4031
4031
4028
4027
4026
4026
4025
4024
4024
4023
4022
4022
4022
4020
4020
4019
4019
4019
4019
4018
4018
4017
4015
4012
4011
4010
4010
4009
4009
4007
4006
4006
4006
4005
4005
4003
4003
4002
4000
4000
4000
3999
3998
3997
3997
3997
3996
3996
3994
3994
3992
3989
3989
3988
3988
3986
3986
3983
3983
3982
3980
3979
3979
3979
3979
3978
3978
3976
3975
3975
3975
3973
3973
3972
3972
3972
3972
3969
3969
3967
3964
3964
3963
3962
3962
3961
3961
3961
3960
3960
3959
3959
3958
3957
3955
3955
3954
3953
3952
3951
3951
3950
3949
3949
3949
3948
3946
3945
3944
3944
3943
3942
3941
3940
3939
3938
3938
3937
3935
3934
3934
3932
3931
3930
3928
3926
3925
3924
3923
3922
3921
3921
3919
3914
3912
3911
3910
3909
3909
3908
3907
3906
3906
3906
3904
3903
3903
3900
3900
3898
3897
3894
3894
3892
3890
3889
3889
3889
3888
3887
3884
3884
3884
3883
3883
3883
3881
3880
3879
3878
3875
3875
3875
3875
3874
3874
3872
3872
3871
3871
3868
3867
3865
3865
3864
3864
3863
3862
3860
3859
3857
3857
3849
3849
3847
3846
3842
3837
3836
3835
3835
3835
3834
3834
3833
3832
3832
3830
3825
3822
3822
3821
3820
3820
3820
3819
3818
3817
3817
3816
3813
3812
3812
3810
3809
3808
3807
3807
3805
3803
3803
3803
3801
3801
3800
3798
3798
3798
3797
3796
3796
3796
3795
3795
3793
3793
3793
3792
3790
3789
3789
3787
3784
3783
3783
3783
3783
3781
3780
3778
3778
3775
3774
3772
3772
3771
3771
3771
3769
3769
3769
3769
3768
3768
3767
3766
3763
3762
3762
3760
3758
3757
3755
3753
3753
3753
3752
3752
3750
3749
3748
3748
3748
3746
3746
3746
3745
3745
3745
3744
3743
3741
3740
3740
3738
3736
3736
3735
3735
3735
3735
3734
3733
3733
3733
3732
3732
3730
3728
3726
3726
3725
3724
3723
3723
3722
3722
3722
3721
3721
3716
3713
3711
3710
3710
3709
3709
3706
3705
3705
3703
3702
3702
3701
3700
3698
3698
3697
3694
3691
3690
3690
3688
3688
3688
3684
3684
3684
3684
3683
3682
3681
3681
3681
3680
3677
3675
3671
3670
3670
3669
3669
3669
3668
3667
3666
3665
3664
3661
3657
3656
3655
3655
3649
3648
3648
3647
3647
3646
3646
3646
3645
3645
3645
3644
3642
3641
3639
3637
3635
3635
3633
3632
3632
3632
3631
3631
3631
3631
3628
3627
3627
3627
3627
3626
3626
3625
3625
3623
3622
3622
3622
3622
3622
3621
3621
3620
3620
3619
3619
3615
3614
3613
3612
3612
3611
3610
3610
3610
3610
3608
3607
3606
3605
3603
3602
3602
3601
3601
3600
3600
3599
3597
3595
3595
3594
3592
3591
3591
3589
3588
3587
3586
3586
3585
3583
3582
3580
3576
3576
3576
3574
3574
3574
3573
3573
3573
3572
3571
3571
3570
3569
3568
3568
3568
3568
3568
3568
3568
3567
3566
3566
3565
3562
3562
3562
3560
3559
3558
3557
3555
3555
3555
3555
3553
3553
3551
3550
3549
3548
3548
3548
3546
3545
3544
3544
3543
3543
3542
3542
3541
3541
3541
3539
3538
3538
3537
3537
3536
3536
3530
3529
3529
3529
3528
3527
3526
3525
3525
3525
3524
3524
3522
3522
3521
3519
3517
3516
3515
3514
3514
3513
3510
3509
3509
3509
3507
3507
3505
3504
3502
3502
3500
3500
3498
3498
3498
3496
3495
3494
3492
3492
3492
3490
3490
3489
3489
3489
3488
3488
3488
3488
3487
3486
3485
3485
3485
3484
3483
3482
3482
3480
3480
3479
3479
3478
3477
3476
3475
3473
3473
3472
3471
3469
3468
3468
3468
3463
3463
3463
3462
3461
3459
3458
3457
3457
3457
3456
3454
3454
3452
3452
3451
3451
3447
3446
3446
3445
3444
3443
3443
3443
3440
3439
3439
3438
3437
3436
3435
3433
3433
3432
3432
3432
3431
3429
3427
3426
3426
3425
3424
3424
3423
3419
3419
3417
3416
3416
3416
3414
3414
3413
3413
3411
3411
3411
3411
3410
3410
3409
3408
3408
3408
3406
3406
3404
3404
3400
3400
3399
3398
3398
3398
3397
3396
3396
3395
3395
3390
3384
3384
3382
3382
3380
3380
3379
3379
3379
3378
3377
3377
3376
3375
3375
3375
3373
3369
3367
3367
3367
3367
3365
3365
3365
3364
3364
3363
3359
3359
3358
3357
3356
3356
3355
3353
3351
3350
3350
3349
3347
3347
3346
3346
3345
3344
3344
3343
3342
3342
3339
3338
3337
3337
3336
3335
3335
3335
3334
3331
3330
3329
3325
3325
3324
3324
3324
3324
3323
3323
3322
3321
3321
3319
3317
3317
3316
3316
3316
3315
3311
3307
3307
3307
3306
3306
3306
3304
3304
3304
3303
3303
3303
3301
3301
3301
3301
3301
3298
3297
3296
3294
3294
3292
3292
3292
3291
3288
3288
3288
3288
3287
3285
3282
3281
3280
3280
3279
3279
3278
3278
3276
3276
3275
3273
3272
3272
3272
3272
3268
3265
3265
3261
3261
3259
3259
3258
3257
3256
3255
3254
3253
3253
3253
3252
3251
3250
3250
3248
3246
3245
3245
3244
3243
3243
3242
3240
3240
3240
3240
3240
3238
3238
3237
3236
3234
3230
3230
3230
3229
3228
3228
3225
3225
3225
3224
3223
3222
3221
3221
3220
3216
3215
3214
3212
3211
3209
3208
3207
3206
3203
3202
3202
3201
3201
3200
3198
3198
3197
3194
3194
3192
3192
3192
3191
3189
3189
3188
3187
3186
3185
3184
3184
3183
3180
3179
3178
3177
3176
3175
3173
3171
3170
3170
3168
3166
3166
3165
3165
3165
3164
3164
3163
3163
3163
3162
3161
3159
3158
3158
3157
3156
3155
3155
3155
3155
3154
3154
3154
3154
3153
3152
3152
3151
3151
3149
3149
3148
3148
3147
3146
3145
3143
3141
3141
3140
3139
3138
3137
3135
3132
3128
3127
3127
3127
3126
3125
3124
3124
3124
3124
3124
3124
3124
3123
3123
3120
3120
3120
3119
3118
3117
3115
3112
3112
3111
3110
3110
3109
3109
3109
3108
3106
3106
3105
3105
3103
3102
3101
3101
3101
3101
3101
3100
3100
3099
3099
3098
3096
3096
3096
3096
3094
3094
3094
3092
3092
3092
3091
3089
3087
3087
3085
3085
3085
3083
3081
3080
3079
3079
3079
3079
3077
3076
3076
3076
3075
3074
3073
3073
3072
3072
3071
3071
3071
3070
3068
3068
3067
3064
3063
3062
3061
3061
3061
3061
3060
3057
3055
3053
3051
3051
3050
3049
3049
3048
3047
3046
3046
3045
3042
3040
3037
3037
3036
3035
3035
3034
3033
3032
3031
3030
3029
3027
3026
3025
3024
3023
3023
3022
3020
3019
3019
3019
3018
3014
3014
3013
3013
3013
3012
3011
3010
3010
3009
3009
3008
3005
3003
3002
3001
2999
2998
2998
2997
2997
2994
2994
2993
2992
2991
2991
2990
2990
2985
2985
2984
2984
2984
2983
2981
2981
2981
2980
2980
2979
2977
2976
2974
2974
2972
2970
2970
2969
2969
2969
2968
2968
2967
2966
2966
2966
2966
2966
2965
2965
2964
2963
2962
2959
2958
2957
2957
2957
2956
2956
2955
2954
2954
2953
2953
2953
2952
2952
2951
2946
2946
2944
2944
2944
2944
2943
2942
2942
2942
2941
2941
2941
2940
2939
2939
2938
2938
2936
2935
2934
2934
2933
2932
2930
2929
2928
2928
2926
2925
2923
2923
2918
2918
2917
2916
2916
2914
2912
2912
2911
2910
2909
2906
2906
2902
2902
2902
2899
2899
2897
2897
2896
2896
2894
2893
2893
2892
2888
2888
2888
2888
2888
2887
2886
2885
2884
2883
2880
2880
2879
2876
2875
2875
2874
2874
2873
2870
2869
2869
2869
2868
2867
2867
2865
2865
2863
2862
2861
2859
2856
2853
2852
2851
2850
2849
2849
2848
2847
2845
2844
2843
2841
2841
2841
2840
2838
2838
2838
2835
2835
2833
2833
2832
2832
2832
2829
2829
2825
2824
2824
2823
2822
2821
2820
2819
2819
2817
2817
2816
2814
2813
2813
2812
2812
2812
2811
2809
2809
2809
2808
2802
2801
2801
2800
2799
2799
2798
2797
2796
2796
2796
2796
2795
2794
2793
2792
2792
2791
2785
2784
2784
2784
2783
2783
2783
2783
2783
2780
2779
2778
2777
2776
2775
2773
2772
2772
2771
2770
2769
2768
2765
2765
2765
2764
2764
2763
2763
2763
2761
2760
2760
2757
2757
2755
2755
2754
2754
2753
2751
2750
2750
2750
2750
2749
2748
2748
2747
2745
2744
2743
2743
2742
2742
2741
2741
2740
2739
2739
2739
2738
2738
2738
2738
2737
2734
2734
2732
2732
2732
2731
2731
2730
2729
2728
2728
2727
2726
2726
2724
2723
2723
2723
2720
2719
2718
2718
2718
2716
2715
2715
2714
2714
2713
2713
2713
2712
2711
2709
2709
2708
2708
2707
2704
2703
2703
2703
2702
2701
2701
2700
2699
2699
2699
2697
2695
2695
2693
2693
2692
2690
2686
2681
2679
2678
2676
2675
2673
2673
2673
2670
2669
2669
2667
2666
2665
2664
2664
2664
2663
2661
2660
2658
2658
2657
2655
2655
2655
2654
2654
2653
2651
2650
2649
2649
2649
2648
2646
2645
2645
2642
2641
2640
2639
2637
2636
2636
2635
2635
2634
2634
2633
2633
2632
2631
2630
2626
2626
2626
2625
2625
2625
2624
2624
2624
2623
2623
2622
2621
2620
2620
2620
2619
2619
2619
2618
2617
2616
2610
2609
2608
2607
2606
2605
2605
2604
2604
2604
2604
2603
2602
2598
2595
2595
2592
2592
2591
2591
2591
2585
2584
2583
2582
2582
2581
2578
2578
2578
2575
2573
2573
2572
2572
2572
2572
2571
2569
2568
2568
2568
2565
2563
2563
2562
2561
2560
2560
2559
2559
2558
2557
2556
2555
2554
2553
2551
2550
2548
2548
2545
2541
2540
2539
2537
2537
2536
2536
2535
2533
2533
2532
2532
2531
2530
2529
2529
2528
2528
2528
2528
2526
2525
2523
2522
2520
2518
2517
2516
2516
2516
2515
2515
2514
2514
2512
2511
2510
2509
2508
2508
2507
2505
2505
2505
2505
2502
2499
2498
2497
2497
2496
2495
2495
2493
2492
2491
2490
2489
2488
2488
2487
2486
2484
2484
2483
2483
2477
2477
2476
2475
2475
2475
2471
2471
2468
2467
2465
2465
2464
2463
2463
2463
2463
2462
2462
2457
2456
2451
2450
2448
2445
2444
2444
2444
2443
2443
2442
2442
2441
2438
2438
2437
2436
2434
2433
2432
2430
2429
2426
2425
2424
2423
2422
2420
2420
2419
2417
2415
2415
2414
2412
2411
2407
2407
2404
2404
2403
2403
2403
2402
2397
2395
2395
2394
2392
2392
2390
2389
2387
2386
2385
2385
2381
2381
2381
2380
2378
2376
2374
2374
2373
2373
2369
2368
2367
2367
2365
2364
2363
2362
2361
2360
2359
2356
2355
2353
2353
2352
2351
2350
2350
2348
2348
2347
2346
2346
2345
2344
2342
2340
2337
2337
2337
2337
2335
2334
2333
2332
2331
2331
2331
2326
2326
2326
2326
2326
2325
2324
2323
2321
2320
2318
2317
2316
2316
2316
2314
2312
2311
2311
2310
2310
2309
2308
2308
2308
2307
2307
2306
2302
2300
2299
2299
2299
2297
2295
2294
2293
2292
2292
2292
2289
2289
2289
2289
2288
2288
2287
2284
2282
2279
2278
2278
2278
2277
2277
2276
2275
2275
2274
2273
2272
2271
2271
2264
2260
2259
2256
2256
2256
2252
2250
2250
2250
2249
2246
2246
2244
2243
2243
2241
2240
2236
2235
2234
2234
2234
2233
2231
2230
2230
2230
2228
2227
2226
2224
2219
2218
2216
2216
2216
2216
2215
2211
2211
2209
2208
2206
2205
2205
2205
2205
2204
2204
2202
2200
2199
2197
2195
2195
2193
2193
2193
2192
2191
2190
2189
2189
2188
2186
2182
2181
2180
2180
2178
2177
2176
2174
2174
2171
2170
2170
2169
2169
2169
2168
2168
2168
2167
2167
2167
2166
2165
2164
2161
2159
2158
2158
2158
2157
2157
2154
2153
2153
2152
2152
2152
2150
2148
2147
2145
2145
2145
2144
2140
2139
2137
2134
2133
2132
2131
2130
2130
2130
2130
2129
2129
2128
2128
2127
2126
2124
2124
2121
2119
2118
2116
2116
2116
2115
2115
2113
2112
2111
2110
2110
2109
2108
2107
2107
2105
2105
2104
2102
2101
2101
2096
2094
2093
2092
2092
2091
2091
2091
2091
2091
2091
2086
2085
2084
2082
2082
2080
2077
2075
2075
2075
2074
2072
2070
2070
2069
2068
2064
2063
2061
2060
2058
2057
2055
2054
2053
2053
2052
2051
2050
2047
2045
2045
2045
2044
2043
2042
2042
2042
2040
2040
2039
2037
2035
2031
2031
2030
2030
2029
2028
2028
2027
2026
2026
2024
2024
2022
2021
2020
2017
2017
2017
2017
2016
2016
2012
2011
2011
2011
2010
2010
2008
2006
2005
2005
2004
2004
2004
2004
2003
2002
2001
2001
2000
2000
1998
1998
1998
1997
1997
1997
1997
1997
1996
1994
1993
1993
1992
1992
1991
1988
1987
1986
1986
1983
1983
1981
1980
1978
1976
1975
1974
1974
1973
1972
1972
1971
1971
1970
1970
1970
1969
1967
1967
1966
1965
1965
1964
1964
1963
1962
1961
1961
1959
1958
1958
1957
1957
1957
1956
1956
1953
1952
1951
1950
1948
1947
1946
1945
1945
1944
1944
1943
1943
1942
1940
1940
1939
1939
1936
1936
1935
1935
1934
1934
1933
1933
1932
1932
1927
1925
1922
1921
1921
1920
1920
1919
1919
1918
1917
1917
1917
1916
1915
1914
1913
1911
1909
1907
1907
1907
1906
1906
1905
1904
1904
1904
1903
1900
1899
1899
1895
1893
1892
1890
1889
1888
1886
1886
1885
1884
1883
1883
1882
1881
1881
1880
1880
1880
1879
1879
1879
1877
1873
1870
1869
1867
1867
1865
1865
1863
1863
1862
1861
1858
1858
1858
1856
1856
1855
1854
1854
1852
1851
1851
1851
1850
1849
1845
1844
1844
1844
1844
1844
1842
1842
1841
1840
1839
1838
1837
1836
1836
1835
1834
1834
1834
1833
1832
1830
1829
1829
1825
1824
1824
1823
1823
1822
1821
1818
1818
1817
1816
1816
1815
1814
1813
1812
1812
1810
1810
1810
1809
1808
1807
1807
1805
1805
1804
1804
1804
1804
1803
1803
1801
1801
1800
1799
1799
1798
1798
1797
1795
1795
1794
1792
1791
1790
1790
1789
1787
1787
1786
1785
1785
1779
1778
1778
1777
1775
1775
1774
1774
1773
1773
1771
1771
1770
1768
1767
1765
1765
1765
1764
1763
1761
1761
1761
1760
1759
1758
1758
1758
1757
1757
1757
1754
1754
1752
1752
1750
1747
1746
1745
1745
1744
1744
1742
1741
1737
1737
1737
1734
1734
1734
1733
1733
1732
1731
1731
1726
1726
1725
1724
1724
1724
1723
1723
1722
1720
1719
1718
1718
1717
1715
1715
1714
1712
1712
1712
1711
1709
1708
1707
1705
1704
1704
1701
1699
1699
1699
1699
1698
1698
1697
1695
1694
1689
1688
1687
1686
1684
1684
1683
1679
1678
1678
1677
1677
1677
1676
1673
1673
1672
1670
1669
1669
1668
1665
1665
1665
1663
1663
1663
1662
1661
1660
1658
1657
1656
1653
1651
1645
1645
1644
1644
1643
1642
1642
1641
1640
1639
1639
1639
1639
1638
1637
1636
1636
1635
1635
1634
1632
1630
1627
1624
1623
1622
1622
1621
1621
1620
1618
1618
1618
1615
1615
1615
1614
1614
1613
1612
1612
1611
1611
1611
1608
1607
1605
1605
1604
1604
1603
1600
1599
1598
1597
1597
1595
1595
1593
1589
1588
1587
1586
1583
1582
1582
1581
1581
1580
1577
1576
1575
1573
1573
1573
1572
1569
1569
1569
1567
1564
1564
1563
1562
1561
1561
1561
1560
1559
1559
1559
1558
1558
1558
1557
1556
1556
1555
1553
1551
1549
1548
1547
1546
1546
1546
1546
1546
1544
1542
1541
1540
1539
1539
1537
1536
1535
1535
1533
1531
1530
1529
1523
1521
1520
1519
1512
1512
1512
1511
1511
1508
1507
1504
1503
1502
1502
1502
1500
1498
1497
1496
1495
1495
1494
1493
1493
1492
1492
1492
1492
1492
1491
1489
1488
1486
1485
1484
1484
1483
1482
1482
1481
1481
1478
1478
1476
1476
1476
1473
1472
1472
1471
1471
1471
1470
1470
1470
1469
1463
1461
1461
1458
1458
1458
1455
1454
1452
1452
1450
1450
1449
1447
1446
1445
1445
1445
1443
1442
1439
1438
1438
1437
1437
1434
1433
1432
1431
1425
1425
1425
1423
1422
1421
1421
1420
1419
1419
1417
1415
1413
1413
1411
1411
1410
1410
1409
1408
1406
1405
1405
1404
1402
1401
1400
1399
1398
1398
1397
1395
1393
1392
1389
1388
1386
1380
1377
1376
1376
1375
1375
1374
1371
1370
1369
1368
1365
1364
1363
1360
1360
1359
1359
1358
1358
1356
1354
1353
1352
1351
1350
1350
1344
1343
1343
1342
1342
1341
1340
1340
1339
1339
1338
1337
1335
1334
1333
1332
1331
1330
1329
1328
1327
1327
1327
1326
1326
1323
1323
1323
1319
1318
1317
1317
1316
1315
1315
1315
1310
1308
1308
1306
1306
1305
1304
1303
1302
1302
1299
1298
1297
1297
1296
1296
1294
1294
1294
1294
1293
1293
1293
1292
1288
1286
1286
1285
1284
1283
1283
1283
1282
1282
1281
1281
1280
1279
1279
1279
1277
1273
1272
1272
1271
1270
1269
1268
1267
1266
1263
1263
1262
1260
1259
1259
1259
1258
1258
1257
1257
1255
1254
1253
1251
1251
1250
1246
1246
1245
1244
1244
1243
1241
1240
1234
1232
1231
1231
1229
1228
1223
1222
1222
1220
1220
1218
1218
1214
1214
1212
1212
1212
1211
1211
1209
1208
1207
1204
1204
1202
1199
1197
1196
1195
1195
1194
1193
1193
1192
1191
1190
1190
1189
1189
1187
1184
1182
1182
1182
1181
1181
1179
1178
1177
1177
1175
1172
1172
1172
1171
1170
1168
1168
1166
1166
1164
1163
1162
1162
1162
1161
1161
1161
1160
1160
1158
1158
1157
1157
1157
1157
1156
1155
1153
1152
1149
1148
1147
1144
1144
1143
1141
1141
1141
1139
1139
1138
1130
1129
1129
1127
1127
1125
1125
1123
1122
1121
1120
1119
1119
1119
1119
1118
1118
1117
1116
1114
1113
1113
1113
1110
1110
1109
1108
1102
1102
1102
1101
1100
1099
1098
1097
1096
1096
1096
1095
1095
1094
1094
1093
1093
1092
1090
1088
1088
1087
1086
1085
1083
1082
1082
1081
1080
1080
1078
1077
1077
1076
1075
1074
1073
1073
1072
1072
1071
1070
1070
1069
1068
1068
1065
1064
1064
1063
1061
1061
1060
1060
1059
1057
1056
1054
1054
1053
1053
1053
1051
1051
1050
1049
1047
1047
1046
1043
1042
1040
1040
1036
1035
1033
1032
1031
1031
1029
1028
1028
1027
1026
1026
1025
1025
1023
1022
1022
1021
1021
1020
1017
1017
1015
1015
1015
1015
1013
1012
1010
1008
1008
1007
1007
1007
1004
1004
1003
1002
1001
997
997
996
993
993
990
990
986
986
986
985
984
983
982
981
980
979
978
978
977
974
969
969
968
968
967
967
966
964
962
960
960
959
959
955
954
952
952
952
951
951
949
949
948
947
947
945
940
939
938
937
936
935
934
933
927
927
923
923
922
921
919
918
917
915
912
911
909
908
907
906
905
904
904
902
901
901
898
897
897
897
897
896
894
893
893
892
891
890
890
890
889
889
887
884
884
883
882
882
881
881
880
879
879
877
875
875
874
874
873
872
871
869
869
868
868
867
867
866
866
865
863
862
861
860
860
859
859
858
857
856
855
855
854
853
851
851
849
848
846
846
845
845
844
843
842
839
838
838
837
837
836
834
833
830
830
830
829
828
826
825
825
824
824
824
823
822
822
821
821
821
821
819
819
818
818
817
817
817
817
813
813
811
810
810
807
806
806
806
803
803
803
799
796
795
794
793
792
791
789
788
787
787
786
785
785
784
783
782
779
779
779
779
778
777
777
777
776
775
774
773
773
771
769
768
767
766
763
762
761
757
755
754
754
753
752
752
750
750
749
749
748
748
746
745
745
744
741
740
739
735
735
735
734
734
734
733
733
732
731
730
730
728
726
725
725
725
724
723
722
721
720
718
718
716
716
715
715
714
713
712
712
710
708
707
702
702
701
701
701
701
700
700
699
698
698
698
696
695
695
694
694
692
692
690
689
688
687
686
684
682
681
681
680
680
679
678
677
672
669
668
668
668
667
666
665
665
665
664
664
663
663
661
660
659
658
656
656
656
652
652
650
649
648
648
647
646
643
643
643
642
642
642
641
640
639
637
636
635
634
634
633
633
632
632
630
629
628
624
622
622
622
622
621
621
619
615
613
612
612
612
610
609
607
605
605
599
599
599
599
598
593
592
591
591
591
590
589
588
588
587
583
583
583
581
581
581
581
581
579
577
577
575
573
573
573
571
571
570
570
568
568
565
564
564
561
560
560
560
557
556
556
556
555
553
553
551
549
548
542
540
539
536
536
535
532
531
531
531
530
530
528
528
527
526
525
523
522
517
516
516
516
515
515
514
506
503
501
500
500
499
499
497
497
496
496
495
493
492
490
490
489
489
486
485
484
482
482
481
481
481
480
480
480
479
478
477
476
475
474
474
474
472
471
471
469
469
468
467
466
466
466
464
462
462
461
461
461
459
458
457
455
455
455
453
453
450
446
443
442
442
442
440
438
437
436
434
433
433
432
431
431
431
430
428
428
427
426
426
425
424
424
422
421
420
419
419
418
417
417
416
415
413
413
411
409
407
407
406
405
404
403
403
402
401
394
394
394
392
390
388
385
384
384
384
381
379
378
377
376
376
376
375
375
374
372
370
369
369
367
367
363
362
361
360
359
358
357
354
354
352
352
352
352
351
351
350
347
346
346
343
340
340
339
338
336
336
334
334
333
332
329
327
327
326
325
324
324
323
322
322
321
320
319
319
318
318
317
317
316
316
315
313
312
310
307
306
305
304
303
301
301
300
300
300
299
299
298
297
297
296
296
295
295
293
292
292
290
288
288
288
287
286
284
283
280
279
278
271
271
270
269
268
268
267
265
264
263
261
261
260
260
258
256
255
254
252
252
251
250
248
247
247
247
247
246
246
245
245
243
243
242
241
238
238
235
234
234
233
233
232
231
228
227
226
225
223
222
219
216
215
212
210
209
208
206
205
204
203
203
202
202
201
199
198
198
198
198
197
197
196
196
195
194
192
191
190
188
187
186
184
181
179
179
179
179
177
176
175
175
175
174
173
172
172
172
171
171
171
169
167
165
165
164
164
163
163
163
163
162
160
158
158
157
157
156
153
153
152
152
151
151
151
148
145
145
143
140
140
138
138
137
136
132
131
131
129
126
125
124
123
122
122
122
122
121
121
120
119
118
116
116
115
115
115
114
113
112
112
110
108
108
108
107
106
105
105
105
105
104
102
100
99
97
97
97
94
94
92
92
90
90
89
88
85
83
83
82
81
81
80
79
76
75
75
74
74
73
72
70
66
65
65
62
60
59
58
58
58
57
54
54
53
52
51
51
50
49
47
47
46
46
45
43
41
38
37
36
35
35
33
33
30
23
23
22
22
20
17
17
16
16
16
15
14
14
14
11
8
7
7
6
5
4
3
2
1
0
