3573
634
694
588
881
527
3378
2024
845
2353
2165
4662
2578
3426
3288
3192
284
2792
3671
3812
875
4765
951
1573
4978
122
1332
250
4884
4620
247
316
806
1919
4084
4027
844
4550
2316
3490
1964
4917
4299
854
2145
4950
4951
3646
1757
4607
3307
4372
599
4165
1640
2202
2180
4986
279
3288
3621
3969
3485
122
4253
4394
2739
2477
1294
897
17
722
3135
2985
1463
2715
3179
4710
4120
859
3384
8
3035
1218
51
4388
1519
1182
2381
108
1546
2365
1556
3566
3126
3647
4065
1698
1881
4888
4905
692
4711
3723
4410
2874
734
570
2972
824
4550
1113
2585
3543
1563
3155
466
884
2152
4189
3272
2556
2626
3102
516
2541
1438
4640
187
4064
2928
3664
1306
707
1433
4552
2497
2299
2403
3079
4735
318
3413
710
771
2942
4750
2763
2170
2522
1143
2658
3201
3062
58
4423
3432
3243
3969
3769
4257
3138
1932
2568
1965
457
1883
2311
106
1760
4348
1917
4322
1341
4881
4357
1698
883
4321
1621
3797
2769
3073
1715
493
1959
2783
4163
2278
2020
4955
4918
215
2899
1794
2965
1845
1043
4665
3115
2110
3317
2994
2824
583
4737
4766
4953
3923
2297
4639
3301
1088
575
1193
1707
4687
434
1245
4127
2312
4212
4952
3379
4528
295
4934
3482
3152
821
3959
536
499
471
1492
1605
3619
3445
1537
2816
2017
4724
4782
3120
1255
3710
3595
4766
172
2732
2311
1542
2835
1246
1445
4805
4328
2938
692
2068
4897
115
2634
3202
3972
3801
420
960
4371
1270
1092
2645
4184
2865
1376
938
3398
1939
1899
384
3087
4615
2650
4557
2620
1943
733
1998
2732
153
4535
4302
1723
1816
3380
157
246
2583
2463
3748
1281
3656
1157
468
3229
3875
2273
974
4777
3874
3469
1421
1844
3721
2385
4544
3477
2275
2796
2467
4903
143
4292
1677
4628
1026
3347
4861
3140
3926
1512
1141
474
407
3079
497
1627
3214
3567
3601
964
3783
4389
3721
1992
637
986
145
4987
4334
2438
985
4949
1865
4007
853
1342
171
2738
3582
4130
4896
196
2616
4354
4191
4062
4792
4415
2591
2563
2798
1851
1549
4080
1160
3750
2000
599
2727
2362
1051
2999
2626
2491
3553
1299
1808
4430
4928
3669
260
37
2451
2783
4073
733
2747
990
3244
4956
1697
3164
4769
4242
1642
4856
246
3763
4188
4860
2620
3989
2832
3515
2043
1669
4069
53
1157
2288
212
3528
4003
3009
4595
2045
2259
4182
937
2796
1779
2047
152
2604
3040
300
1304
4891
4615
186
3223
1911
1364
890
2639
1279
105
2397
896
2424
2998
2040
3733
352
1983
568
1635
4073
1099
4931
4730
3602
2760
1787
1072
3432
2004
1639
2091
172
431
919
3373
4769
1508
3964
2181
3253
822
417
1903
2658
4807
1562
1093
4055
1036
2144
1374
2591
1492
3631
4101
2934
375
2140
126
1724
3316
4797
3057
2695
2754
2063
4256
921
3344
1798
1421
4243
2944
2829
3221
628
2885
2994
1033
2923
478
1605
755
813
3427
1653
2445
3587
1060
3079
2284
2419
3961
2772
3628
4825
388
4925
1254
3185
4203
2622
2021
4860
481
124
2902
2605
1356
2676
1404
2711
3625
4386
75
901
1283
1162
4365
1157
3771
1431
417
1842
1234
1582
305
3124
3049
1494
1170
2350
3745
54
863
1244
2367
4650
438
2271
2487
2572
1636
599
3769
4275
4612
3684
785
51
530
2456
4888
2944
3206
1804
4801
1944
1292
4710
4846
2109
2145
3132
2344
1523
2104
4047
1172
3684
4482
319
3395
821
3635
1759
619
3029
4633
565
3865
2186
4000
3416
3912
3647
4761
1838
1202
3278
4129
777
3189
1470
581
2430
1273
1017
2420
4298
1774
821
76
120
11
1485
1070
2939
2137
3163
4286
4869
4638
1172
515
2234
1493
3960
997
2604
3562
116
2484
3595
4963
622
564
2801
3298
1388
718
2991
2728
2386
1259
4800
2716
3950
1961
4736
496
58
2944
1072
3700
773
2958
649
2316
2918
1486
3242
3316
3550
536
2967
2180
1328
4882
3504
1007
3568
2939
268
4885
806
1944
384
1657
1942
3832
2641
2892
3588
290
1833
960
3849
190
3576
849
2037
4025
4083
3509
3728
3818
4682
837
481
1113
1488
4187
1281
3487
1148
2723
301
1113
231
3735
3951
2174
4353
658
2592
880
2381
2070
1068
4647
1469
2760
2809
2241
2771
3161
2797
1294
1262
2368
3252
4455
3061
363
2795
1342
3019
2909
4948
57
1599
2793
158
1472
2070
2292
2632
4614
4992
4873
553
3365
1564
3798
1263
3346
336
1035
787
4303
4297
3435
1813
607
1851
2074
4394
3212
2925
3287
2294
684
261
2012
367
4002
2131
4792
656
3033
1765
3509
2182
4660
1191
2573
4267
2984
1612
4408
1932
803
2053
1824
4561
269
1101
557
889
1492
3367
453
3408
887
1724
4099
598
4024
1125
1192
2420
4764
73
2943
3758
935
643
2442
3304
2392
3732
2363
1110
4836
2984
2980
3612
718
3608
1168
278
1844
731
4634
1181
3261
1969
851
4343
158
4886
4930
2337
4908
4263
3979
1836
667
2565
3898
1882
4133
3963
4496
2195
4695
3037
892
1040
3325
1935
1558
715
1110
3055
3572
4657
354
2912
1455
3013
855
4644
4728
3795
3163
317
4108
2669
1644
3600
927
413
2443
2910
92
1936
1439
1560
4067
3803
1934
327
4299
3525
2559
4470
1406
265
2042
3324
3404
2814
2240
370
4288
1493
1839
3645
1015
1318
2974
4864
2350
2838
3375
3953
4467
3457
698
198
52
3345
830
1492
3612
2177
3762
2348
2508
4888
2954
4482
1614
2157
1621
3443
3444
1419
4771
1603
687
65
4980
1025
4548
3961
1028
2511
376
810
4290
3489
861
2941
3432
897
4781
2289
3148
2765
3026
3675
261
3030
2040
1445
3498
581
610
4729
3012
4684
481
2707
1643
2799
1867
825
1694
1957
648
2623
4188
4759
4232
4323
3416
4179
377
3962
2306
3661
612
2389
1927
459
2966
700
3946
1260
204
1564
1020
1476
3424
848
4575
2110
3297
1970
1921
4887
3175
4500
1836
2763
1339
1096
210
2598
4172
2840
326
3337
3622
3962
1269
4806
3621
3068
1963
4106
16
1880
4497
7
4897
660
3060
1075
592
3153
3010
3336
4423
1997
3046
2809
201
2783
2731
125
1323
3087
3644
2331
1204
3775
1561
2075
2633
4010
663
3549
4497
1752
3847
1504
1495
3411
4814
3240
4022
817
3076
3413
3423
462
4885
3101
4725
260
4382
2637
962
3154
3586
233
4746
2783
482
413
701
2314
3146
4079
1635
216
4152
4188
3903
3752
104
539
1734
2030
4731
1986
1153
858
2326
3259
813
1284
4943
1162
2636
3463
4810
3294
2916
191
129
2129
4462
1656
4442
310
2113
357
1858
4070
317
17
2407
1015
3627
949
2092
4674
1761
2991
3365
4951
4844
1179
3186
3047
1102
112
3633
3198
4823
3562
940
1699
1327
3176
1481
1405
2865
394
4184
3364
4284
4440
3367
3209
2091
2969
3809
490
2300
4711
1886
3350
4766
1195
156
3537
3203
3619
83
4749
3245
1717
3070
4318
1997
4006
4972
360
334
1723
1190
1967
264
4987
3884
1315
4409
2703
2321
894
2118
695
1829
2867
735
2571
4808
4860
2568
2738
4827
3080
1803
4939
2483
855
3411
2757
2951
2252
1244
197
169
622
1438
3988
4914
3890
680
1530
1821
905
234
2331
45
1546
4426
4604
3682
4779
3280
2091
247
3833
4901
1744
1807
4826
2486
1907
3526
979
4431
3003
796
2955
2530
1904
340
499
4894
3846
163
3408
3316
1639
3979
1087
4533
3436
4159
4955
424
688
433
4502
384
1073
2783
642
3657
3363
1061
4035
179
3250
1795
3379
1639
1139
4023
3793
2734
4904
2310
2679
3937
4543
867
4046
1059
3495
4986
528
2307
1966
3702
754
3894
4153
646
3068
3433
1056
4791
4414
1972
4741
531
3881
2497
1329
4047
4944
4836
3980
4346
2457
1189
3583
817
3683
2560
455
3631
3285
4150
4313
1482
2969
1484
4212
641
2412
105
3071
2233
4202
1286
1344
2351
3834
3973
2926
4663
1804
4612
2780
523
4723
3875
4035
1408
1267
3128
243
2130
3631
3452
3101
4024
2231
2167
3975
522
1461
2894
3909
1375
1651
4261
480
4211
4770
4183
2126
3677
4065
986
2551
1398
2888
656
951
1581
4264
23
3468
2592
2082
3586
918
605
712
4937
2765
4247
860
588
2764
4012
1283
3709
3625
1699
3045
778
1925
2523
1147
3810
750
2990
2990
4527
2718
4876
232
105
3208
3900
97
4604
247
1958
4625
3983
4635
4075
2044
686
873
2462
735
3410
3637
2636
3414
1787
4111
846
4791
1615
4671
4455
4830
1957
3246
1425
4702
690
2403
4018
1257
3085
4758
2724
4804
2550
3396
3603
1986
2096
1352
1879
4140
1520
3978
4889
1442
461
1719
2954
728
3807
165
838
1535
4189
4313
648
1118
2191
407
3367
14
681
333
4262
4327
2152
437
818
3074
1855
2693
140
3724
1547
3524
4006
4932
549
3091
1754
1946
4653
4069
1094
811
4020
1141
532
1661
3954
2819
1222
4843
1573
2010
2998
1589
2211
2681
1956
1152
2415
35
2385
2957
271
1918
3303
3377
2054
3149
4827
3201
902
3498
1731
1511
2981
4884
194
525
3648
3688
2243
1677
4157
3767
1714
2178
698
92
1733
2471
531
2520
3529
1834
1880
4044
1881
893
4589
3042
1906
1305
1196
4377
1130
4606
757
3883
1854
3092
3085
2772
3194
3215
292
2057
3396
4323
1832
4267
3154
2324
4960
1119
33
320
4867
2331
2799
2171
2158
247
3544
3014
4524
485
3125
406
1359
2654
4740
2548
701
3819
4920
3390
1895
300
2888
2442
4387
1569
325
3530
3457
4715
4637
561
2970
1950
2422
4752
1476
3382
4980
3157
1410
4850
4922
3296
3960
2337
4223
3347
477
184
1272
6
3329
2525
1116
3077
2981
59
1389
4310
2234
1386
2649
906
642
1834
2624
2832
3075
1548
2936
3192
2250
3957
4677
4619
4412
4960
4364
1172
1695
4191
3294
1715
2495
4454
3986
3230
1340
556
1339
1956
665
1854
665
2064
3911
1010
115
2390
0
1613
322
1773
2168
241
296
3473
1422
4031
1503
2444
16
3820
1303
744
3124
1443
1983
555
4891
3256
3485
480
1551
3684
1432
2510
358
2514
4434
2983
2935
20
4284
4791
593
2811
3321
3359
4898
3945
3964
869
4517
436
334
3738
4957
2794
4031
3655
734
4428
2686
4341
1243
1296
3036
352
2193
3031
3602
3431
2515
4719
2282
3906
1535
4694
4019
1880
4357
1668
3879
2997
912
195
375
108
3237
3166
1102
2471
2080
2307
874
3168
1663
1182
2743
3906
1158
4292
4389
2001
2536
1737
3690
379
3591
70
2507
3857
1259
1282
2699
4462
2230
1900
374
2555
145
650
983
1893
879
4834
4230
4724
3127
1722
3821
1840
4759
3317
2817
4954
2235
4989
2646
2380
2813
3032
2844
2094
3703
3649
2477
774
3780
1371
2976
3339
2028
4244
2664
590
1670
2124
3301
2518
3544
2128
4444
2695
1090
3599
346
1470
4464
329
2796
3555
22
4567
4098
4794
4238
3803
425
4608
4620
4429
3976
1368
3035
1214
3355
1047
3753
245
2355
1250
4341
172
1598
1417
4577
1758
4754
1936
1050
3639
2741
58
1268
2832
2625
4691
2603
3461
1539
3992
4404
2333
3730
2205
898
630
1484
4531
2292
1618
3972
419
3315
4986
4104
2292
3426
3509
367
1141
3646
1948
4456
199
4221
3942
4837
3874
3067
43
4911
3483
2407
431
171
1726
2356
3670
3145
1742
1251
1718
165
3198
22
3109
1454
3883
1231
2808
668
3192
2703
4404
3632
2965
2699
1997
779
3046
3049
4321
4864
3395
296
2376
4845
4049
3437
1323
2340
4332
4986
2278
89
1575
2145
1907
2164
242
2174
2883
3502
271
3698
4380
2984
633
3356
442
2374
2537
2154
4587
1851
678
4261
788
2606
4864
2490
881
2394
1161
2893
1861
228
2169
3184
3934
1317
2373
2017
163
2720
939
1074
750
4925
2429
226
4544
467
1679
3025
1741
748
3783
872
245
2970
4584
4551
3748
1567
1778
1360
1991
227
1561
3288
3803
1015
2849
4166
500
118
4051
252
1934
3411
927
3187
4804
4900
1302
3555
4547
3502
4178
2847
2673
3083
1764
3871
288
3479
3817
255
121
1600
4587
1405
3574
4732
4736
4768
2753
708
2209
3835
466
1917
1377
3745
1353
1095
1992
1731
4048
1071
3211
3005
2348
4407
1057
4134
3280
1334
4796
238
2742
1282
4314
4226
643
4992
2200
3691
206
1798
418
884
4093
3553
4593
3514
4819
4944
4009
4134
730
4577
1022
14
3705
1945
1315
890
1122
1951
3766
2849
1283
746
2411
636
2526
361
132
1306
696
2833
1994
1611
4170
2985
3306
1240
479
4865
1615
3959
2723
4945
1343
3557
3772
2318
1869
4908
2337
1711
3307
4532
3555
1734
122
526
235
2633
2624
2219
922
1208
1012
267
4111
4690
4776
2649
4689
3944
1340
803
945
403
3755
3304
642
4257
2204
4114
3480
954
1791
2620
3930
793
1114
3301
2862
1054
472
3857
1768
4256
3781
3456
2134
1663
4992
2360
3787
1392
1028
1326
1094
978
1829
2170
622
238
2916
3736
3892
419
2335
2011
4477
3119
1288
3452
3867
785
1704
4992
3623
571
3864
3807
3949
862
1004
4153
3931
4221
2820
4915
1639
3292
4673
2031
893
1073
4248
4490
66
480
2557
2462
3064
1164
3568
2176
3446
4353
4661
4380
4186
3735
1818
4196
1086
2345
3098
3311
2325
4596
2848
2934
1904
3155
179
3323
1914
2863
4437
874
1988
779
4143
1161
1885
3357
2893
2004
4210
1393
41
2441
3574
4840
3071
442
1998
3669
1316
424
2748
4560
1636
4325
2085
3468
4095
2906
2505
2035
3463
1559
327
2129
2264
3489
4442
421
3900
181
3228
2852
3746
635
3542
1720
2938
1317
3681
1350
1008
503
1540
1981
3507
3433
3778
866
2969
1888
1031
1801
2425
819
4367
4222
2228
672
2403
4513
4336
54
1025
3783
3147
2246
3726
4165
3713
3099
4835
152
1785
4912
1402
1168
3994
1904
2843
4019
1974
4289
2495
4813
2512
3010
3488
725
4919
2667
4971
1363
1447
268
179
3822
3744
3566
115
4346
2533
4949
2128
390
500
4967
777
108
3013
94
4668
4321
3488
2017
2150
1420
2703
3377
2918
4123
1758
2119
2326
3889
4219
1155
4943
980
197
1767
1481
1595
2813
1553
3124
4005
4523
4288
517
3733
223
4838
2712
1
157
404
959
4529
4364
3907
1804
1308
2227
4078
4273
3398
4544
1093
1401
4631
4911
4781
4394
4165
3611
1171
1778
1761
1212
1879
3019
4751
621
2157
2029
455
4520
4926
1222
72
1865
4989
2728
1492
1204
1678
4719
3615
1411
609
405
4761
2880
4092
2964
2499
1212
1478
192
4342
2673
720
1343
4151
3258
3606
2133
1158
821
1595
4872
430
1858
2115
1365
3519
332
3505
3253
415
4952
4137
3351
1775
38
2648
4043
3265
3243
4759
4280
3096
2792
455
2563
3735
2899
1622
2966
3404
2169
959
3816
1286
2764
4736
3406
4272
2310
1933
4310
1266
819
3994
2619
3789
1380
3645
4858
1660
1757
2770
2464
2378
2540
4928
702
1166
4804
1752
2906
3259
4742
1182
2139
3076
4131
2465
280
3117
177
2332
2086
1732
4415
791
669
4598
14
119
2061
822
3446
2841
4346
321
786
295
1177
1085
4337
2529
3118
4000
1002
2437
1980
996
3635
721
2664
2560
1790
4468
3170
2626
4513
2812
2856
2256
4512
2299
4961
469
3817
1771
803
2017
1220
4336
1194
4162
4165
749
3414
2230
2775
3486
3159
1899
1119
3188
2256
2653
3778
312
1013
4094
4020
2655
3626
1557
830
2651
1521
4397
1211
2
3375
1533
1007
3103
2060
2216
1285
871
2278
4363
1867
2006
4313
1916
3516
4256
2701
2026
3522
795
3379
4135
1077
2545
3997
3489
4421
4508
4082
4088
3832
4130
882
123
1088
248
2028
2739
3524
3883
2874
2729
2841
2505
3997
2859
4509
3670
659
1297
2761
4523
3801
3094
824
1800
1078
762
2320
682
3255
2956
4451
112
4400
837
3610
3559
1069
3024
1279
4342
1862
573
3862
4204
2896
701
2784
773
3726
15
2075
3123
475
713
4921
4312
4410
2715
834
4306
188
1277
297
3440
3645
2168
1961
3769
2932
978
490
1060
3789
3155
3228
3529
589
1476
3254
4054
1209
4088
1452
726
2124
2395
2147
3301
2443
3071
3745
2902
2414
1757
1558
3669
2533
3096
2929
1512
612
4197
3273
4488
997
4495
857
3741
2888
1031
1350
3536
3106
4440
376
2514
3752
2608
4330
3265
4502
3835
3400
908
1712
1618
1957
2675
2091
680
4166
4265
2625
3429
4663
3694
2208
1580
4103
4173
622
2719
810
3468
4228
2642
2243
4146
4083
629
4964
1907
175
1211
2604
4198
4334
431
4171
3743
789
2838
1077
81
2288
3479
664
4219
4468
1511
4348
2539
339
4362
4535
969
4770
347
1410
666
3834
173
2075
725
1890
4426
1415
2529
2581
1232
1500
605
1677
3124
4416
4410
2796
2022
2002
1747
2819
2052
1699
2277
4569
3155
1120
2809
1849
3527
1863
4942
2713
3796
3380
2755
2218
1581
151
3986
4273
3746
323
1496
4657
3943
1909
4265
2610
3158
1471
2193
3330
1879
3568
3485
4550
3478
3626
3952
3830
1458
3120
4762
3451
2942
1634
4930
2069
1641
2166
2876
2757
4528
981
3165
2979
3522
167
4115
3397
2116
4164
4906
1973
1939
4888
1065
2502
4015
4033
1139
3451
792
3560
2578
3492
3576
3490
2573
3605
4263
1618
450
4685
2870
4973
303
1096
1315
4146
2226
2873
99
3180
1745
4680
694
3805
1996
3124
1419
1280
3622
4157
2740
2875
2962
2768
1645
4216
2169
4056
2670
3710
1370
621
4976
993
4931
3100
4052
4202
100
203
3935
1452
2923
4607
1818
1597
3865
4244
4229
3109
300
632
1163
2902
1358
4260
2369
4439
3562
2488
4345
1271
286
2602
251
923
3092
2635
1042
4868
2475
350
868
1632
203
2742
2011
3875
3894
2091
4154
4313
489
4832
121
1491
1082
2812
4641
3164
299
3291
179
3279
4172
752
3154
2911
967
1921
2953
2578
3949
583
1799
3571
1734
4497
4639
2619
3798
2604
3548
1507
426
817
162
432
2026
915
3023
1051
1425
2211
3753
3500
175
1978
817
2930
1943
4138
2005
402
3868
1337
2779
4866
591
867
640
4785
556
484
3089
1461
4067
3191
3001
2631
3018
4917
3922
3207
343
1397
2295
4176
698
2188
1637
3944
2289
3034
3889
3735
2966
3825
3732
2105
4675
298
2980
4033
318
2517
516
2027
3143
3525
3716
4294
1830
4143
2051
3061
3369
3757
4000
1593
643
587
1920
4509
2657
4132
2450
2053
2734
114
3951
1123
62
1744
4845
1327
4559
2702
514
163
163
2561
1733
952
1138
3268
4320
1689
3597
911
3514
474
2941
322
2161
2148
74
462
4740
3800
591
4136
1166
4853
3667
3979
4903
952
3027
2993
3365
767
3906
1333
1097
4714
3482
2888
2532
4574
668
1815
3359
1471
4364
2845
2713
754
3472
2050
2483
3812
3335
3279
2528
4107
2886
3925
3200
2159
1645
442
3932
739
3681
1319
4659
4678
3938
2528
3627
1529
4645
2272
164
3973
3276
1993
2750
3706
2000
2773
1082
3342
3137
501
1726
2024
4956
4627
3570
4472
1795
1725
1160
3037
1611
4321
3769
202
1919
79
2801
4174
2537
936
612
1870
3601
297
1323
1017
4166
2732
4759
4504
4121
131
3158
4569
3009
2505
3178
1327
2256
4999
3734
1351
4093
560
4717
568
4611
4906
3627
2800
4343
2673
2189
4776
4255
1906
3996
715
1933
3921
3156
440
2434
1095
4403
97
1184
3171
1684
4128
3344
3740
3275
2493
4522
968
2444
4806
1971
3860
1588
3500
1873
1129
409
2605
3569
2199
1997
324
3889
489
2853
1785
4066
2468
4385
102
1157
1125
3884
1119
3023
2374
306
3997
3711
2277
1001
1967
4172
3666
4209
2101
3307
818
3141
3723
4589
4548
3419
695
3496
4584
1576
615
3988
4967
2276
3897
1246
3955
1573
2489
4545
2956
4256
2528
352
4019
1810
3439
1952
679
4468
2833
138
4897
4653
2933
766
1478
1809
3048
3443
1786
3783
702
748
3555
65
433
2868
4881
3349
824
2010
4695
3928
4005
1335
1558
3545
4651
4556
1199
4051
1905
3073
3411
677
1144
2121
4729
1812
4845
225
2130
4368
779
1446
4093
4107
3632
1886
2634
110
4026
2582
3061
1470
1686
4011
3202
4003
1765
2205
1863
3529
2308
2093
1546
3864
2582
4504
3903
2326
624
3051
4774
4141
3576
3510
3400
4526
3507
4589
4148
3908
2346
3793
794
4646
4208
3702
234
1708
1699
869
4234
1971
2572
4114
1331
131
2869
2568
4430
1181
1678
560
2841
4906
4227
1040
3768
4823
3382
4384
3225
1965
2884
4263
2664
1253
1063
4516
3324
3272
2536
4162
4884
652
806
3859
1858
4450
47
4357
1810
4084
2042
1993
4206
1197
4031
1064
1834
3105
4900
416
2966
4563
4437
581
1214
1709
846
955
3610
2130
3872
4006
1970
3488
4054
3820
2946
2249
4994
1083
1118
4272
209
4285
986
776
4528
4770
1489
4752
2666
4324
4176
411
1279
1117
1229
2981
3306
3620
2465
2215
1359
1127
4592
3051
4807
3
4225
947
2745
3934
94
4140
4327
909
90
2216
50
1482
3321
889
3019
966
3337
3585
952
1004
1555
1614
1326
2621
934
2595
897
2432
2704
882
4198
3641
4818
1822
3480
122
2359
2572
7
288
2880
3537
3282
3020
2279
4230
1220
2402
3998
4697
2738
3230
2404
1630
4544
4538
4195
570
4323
3748
761
1624
4102
4244
1688
116
1724
3796
4876
2364
270
16
369
1975
4834
4860
2271
1021
2105
1805
3539
3646
3795
3471
2011
3008
1953
2206
301
2216
1375
2569
2308
3753
3220
3888
3184
890
4791
2822
1770
3473
4856
233
4537
4405
3536
3622
2635
4658
222
74
2404
4022
2326
2116
836
2192
4800
1998
2992
1792
2475
3978
1559
1425
716
4312
4351
947
807
2045
1852
4470
1672
528
868
2952
735
3655
4258
1623
198
4686
196
307
4352
839
1587
1970
3863
2693
3248
359
1298
1458
3622
85
1129
4865
1495
2317
4615
1750
4110
639
443
33
3494
3548
723
2649
3085
3170
2941
3541
1409
4442
763
2726
30
2299
4859
904
3288
3793
3568
1423
3459
2784
904
4470
949
2346
2723
427
2189
3240
661
647
4794
2381
176
1761
1810
2678
4369
1450
1662
3022
2309
1531
2302
3334
2167
258
4182
2714
4425
324
2700
3094
4837
4980
4661
3463
2623
2754
2236
4750
1737
2102
4238
2591
1546
299
4901
392
2260
4866
4110
613
2824
843
577
2112
1745
1856
2661
3165
2825
4133
581
1308
1844
3551
2275
4552
4663
4037
3111
1212
700
564
2749
205
877
3972
1920
4371
107
2896
1775
993
2562
2387
2802
4139
474
4709
4912
151
3573
4054
2737
2765
2944
4105
2875
2528
3424
1889
1187
3398
2498
2714
4018
1676
3094
3110
3538
171
3681
2784
851
4927
174
573
1190
1877
113
1638
3101
36
1512
4066
1837
3525
1805
4713
1737
2701
1108
1003
2508
897
2438
1622
4458
656
4544
2287
4596
3092
1483
2751
1015
458
3568
1607
1272
4890
1856
967
4678
3096
3221
3887
243
464
81
3921
4984
3513
4497
4741
1021
4600
293
1612
3338
4613
4903
3425
4876
3746
3725
2001
1175
3376
1053
1259
2812
1884
4964
4211
88
471
4114
3760
338
4659
2726
3541
4254
4129
394
2669
1746
1583
1539
2743
1964
3798
2559
2193
1790
4714
4250
665
3975
4667
3367
1127
879
369
1544
3622
4079
4380
3979
2777
3627
2713
3521
2690
2373
3568
859
3822
551
4866
4315
2004
3589
2353
3948
2484
4133
2535
1119
1228
875
3272
3580
446
2829
4548
2153
725
4871
3148
90
4974
476
1502
2741
3684
1883
4700
3416
2395
3458
2326
1354
3166
1825
3112
4610
3100
1293
1070
3240
3813
3151
699
2463
2739
856
833
2963
3356
3820
2731
1604
1251
4313
3975
3399
2838
1330
599
1046
530
3772
4542
4387
2946
4780
4551
2718
3607
1218
2897
2016
1193
3063
4176
3620
3972
591
1597
1577
46
1178
4941
3278
3124
3749
2959
1803
828
351
1582
3375
2974
2531
2334
283
292
4186
1972
3099
496
4377
2750
2692
2660
3238
1258
319
4588
3771
1947
1712
2912
461
2045
2763
3245
252
1842
4388
3492
3342
4733
2785
2618
826
403
198
3454
3230
689
3197
1162
4182
1561
712
2617
2042
3790
2204
3462
2914
1223
860
4237
2968
4417
4527
3163
4010
3796
3871
2055
4747
1807
2655
1844
3958
784
2216
4655
2750
4412
2640
4555
164
4300
2367
1684
4989
4264
1823
4520
4247
1445
4776
745
97
219
1814
3792
2645
4762
3152
3939
4290
3690
3101
3919
842
3225
4836
1177
1940
3454
3112
982
1799
3565
2630
634
3909
2476
4277
4189
3319
202
769
1850
3914
2887
2116
4481
3238
663
2058
1100
583
3224
1687
3447
3762
4026
175
3648
4726
3014
1705
4126
4548
3303
105
1022
4444
4582
3849
4353
3189
4009
515
3417
1473
779
4333
730
2091
4047
3194
2997
1974
542
2977
3096
4731
2744
4900
1569
3350
4927
3631
745
4782
1398
923
1358
2655
1913
2942
1144
3406
2463
1673
1053
3736
4201
3910
4967
2791
1718
2107
4531
362
823
1712
3558
1376
4118
1824
208
2625
2316
4895
4458
4633
1047
3409
4019
3610
2730
2595
46
3733
4342
4568
1471
948
3543
1546
2869
4839
2609
83
1586
4017
497
3878
2492
254
4752
47
1096
4235
3546
140
3573
3842
581
3983
1771
1777
1437
4625
4671
2030
4380
2132
4334
4505
3151
3124
4086
4110
3123
3548
724
1061
3574
1817
4408
4280
4075
1293
4710
1976
2709
3698
4357
3541
2084
2888
1098
3408
734
3325
4551
1758
2516
4912
2708
4731
4829
2554
2167
1704
1369
3938
3384
740
1835
1940
1413
1642
49
1149
933
3940
4416
3517
4288
428
1569
4809
4059
315
2584
2308
4714
4984
579
4881
749
1102
3439
136
4701
3154
1437
1754
3680
2928
2572
4467
1663
1665
2817
556
1297
2115
4721
3697
2505
3013
2127
2957
3323
4693
768
4536
2108
4201
1987
531
422
4318
4943
1008
2778
2496
1701
2016
4768
2718
3165
3610
2738
2433
3492
2197
4288
153
4450
35
4836
1076
3106
4402
1789
340
2250
2111
977
4108
3346
4545
1915
287
1026
2776
4740
2516
2748
3632
4765
138
1049
4774
3251
492
4136
381
1195
1258
560
3101
1029
3292
3614
1161
2558
2619
2426
1812
2917
1797
2708
1816
263
548
1156
506
3701
3109
4615
1669
2699
3592
1997
313
732
969
2879
288
2337
1665
2607
4461
4664
1449
3120
2953
2953
3061
4
2003
3996
553
1611
4499
2966
2851
4865
372
2195
4444
137
2444
2005
4660
3941
1497
866
4625
632
1241
1395
4116
346
830
2697
1064
1658
1644
907
3127
891
577
4258
2867
4613
2952
701
3982
1068
385
2352
3127
2190
3272
535
4450
4365
3081
4889
4114
3884
1109
1608
2861
3343
428
668
1572
787
1007
2031
3542
3476
4256
3475
4904
829
3705
3488
2755
714
461
4146
4777
1922
3967
3110
901
3240
3141
4685
1231
1801
1080
3722
3257
1296
4163
3613
3050
3324
1294
3234
1844
1027
1774
4691
4235
2968
1434
2250
3076
2415
652
4987
2039
466
3250
990
2107
2516
3225
1458
2821
354
2101
4853
1413
4490
4415
752
2509
4251
3292
1615
3222
1556
573
775
376
3784
2152
4887
4342
4111
1411
3457
3740
825
4904
2130
1935
3571
4833
3989
4575
3443
753
2230
3139
3072
5
4937
777
4043
2205
3835
2392
82
3331
3353
2244
2323
799
2869
1917
4606
540
1559
1773
1763
3419
2823
316
4874
1498
2224
4426
2417
304
256
3240
3880
4296
3301
3955
2624
3591
482
4574
4842
4891
4886
3410
1765
4115
2205
469
3303
3253
160
3053
516
3568
2008
23
716
838
1400
1945
2575
917
3688
4640
148
4355
1054
2750
3183
3836
783
2515
3600
4834
571
3335
3688
4799
1302
1450
351
1081
3498
4328
4393
3002
3322
3924
151
2347
2850
984
2665
453
3722
4734
2289
2436
2153
4095
3771
3105
1502
3149
664
3162
1338
2342
426
4064
4665
2488
394
3484
4976
3011
4309
3358
4816
80
1189
3668
336
3324
4067
2940
1673
3216
1683
2158
4874
4289
1472
2289
2532
2463
2246
401
4800
3108
4366
2361
2957
2274
4028
3722
2158
4785
1804
4392
1823
3261
75
845
3079
2448
4730
3709
3961
1841
2293
3774
1958
3072
3538
2553
3837
1892
4821
681
3642
3875
1032
1207
1604
198
3808
4720
3335
4663
4347
1620
2082
3904
2709
2475
3364
4145
4681
2077
352
4724
3949
486
2423
3281
1502
1053
3276
633
3594
1536
3306
1962
1541
1294
2234
4990
2835
1080
1121
3872
3173
4285
1310
2004
3438
3768
3665
4530
1293
2168
4311
1399
741
2092
378
1023
2663
2897
4022
4475
1665
865
782
4930
2072
3177
2548
1360
1257
968
1263
3304
2654
3999
495
4927
60
4522
3236
